
.. DO NOT EDIT.
.. THIS FILE WAS AUTOMATICALLY GENERATED BY SPHINX-GALLERY.
.. TO MAKE CHANGES, EDIT THE SOURCE PYTHON FILE:
.. "_auto_examples/distance/plot_point_to_ellipsoid.py"
.. LINE NUMBERS ARE GIVEN BELOW.

.. only:: html

    .. note::
        :class: sphx-glr-download-link-note

        Click :ref:`here <sphx_glr_download__auto_examples_distance_plot_point_to_ellipsoid.py>`
        to download the full example code

.. rst-class:: sphx-glr-example-title

.. _sphx_glr__auto_examples_distance_plot_point_to_ellipsoid.py:


================================
Distance from point to ellipsoid
================================

.. GENERATED FROM PYTHON SOURCE LINES 6-40



.. image-sg:: /_auto_examples/distance/images/sphx_glr_plot_point_to_ellipsoid_001.png
   :alt: plot point to ellipsoid
   :srcset: /_auto_examples/distance/images/sphx_glr_plot_point_to_ellipsoid_001.png
   :class: sphx-glr-single-img


.. rst-class:: sphx-glr-script-out

 Out:

 .. code-block:: none


    0.34748088364036067
    0.0
    0.44358798546681566
    1.1542658965162143
    0.0
    0.0
    0.0
    0.5540813207099837
    0.21130804660764715
    0.031318471637093864
    0.6042918528133859
    0.32605524709839884
    0.0
    0.0
    0.6214429425347674
    0.9366692517900049
    0.9337443001982276
    0.0
    0.9571456674035249
    1.3090865501509912
    0.0
    0.6794359875348517
    0.0
    0.6849190467777031
    0.6039237879208371
    0.36518555814444953
    0.42545444325146303
    0.34267478565638215
    0.12821353031930724
    0.9284965282250549
    0.0
    0.0
    0.8606871957407822
    0.0
    0.0
    0.014953468159245094
    0.0
    0.06396116356502586
    0.14499379179437927
    0.31471571367008383
    0.3370170947401161
    0.0
    0.4444253864151439
    0.0
    0.0
    0.1529893390481804
    1.5561238262542576
    0.5975326987170102
    0.33878236058502115
    0.18540145698595173
    0.0
    0.0
    2.365926145762539
    0.7783165149906096
    0.0
    0.0
    0.0
    0.0
    0.862193982572535
    0.0
    0.026517373145871496
    0.3203828715913915
    0.0
    1.1344590771271248
    0.18250779465216907
    0.26701029485632627
    0.6968671928493
    0.0
    1.3750310738495097
    0.3274580301904176
    0.0
    0.04869267168560721
    0.8258241053542524
    2.4951656341930457
    0.0
    0.0
    0.0
    0.0
    0.0
    0.5999430097430026
    0.0
    2.0611008160984277
    0.8437277100400434
    0.8781616596347827
    0.0028619456266001653
    0.6187504918160669
    0.7335235401893757
    1.3567609736336308
    0.0
    0.0
    0.5488307500659655
    1.0325972385558155
    0.0
    1.3026302870308504
    0.5858086694377121
    2.0300317766121556
    0.0
    0.21668354477831503
    0.0
    0.6996021167588136
    0.6653356042183836
    0.26956702235464525
    0.0
    0.4361591175936376
    0.09773034575923663
    1.0777237446528491
    0.4467225395606126
    2.1022553348239406
    0.7391483820786717
    1.2313848828649485
    0.6199998546873284
    0.9864946694949606
    0.9649304192096194
    0.0
    0.0
    0.6233874897413056
    0.0
    0.1400340269296773
    0.7533946418286994
    0.8084491914211631
    0.0
    0.0
    1.3103152893196999
    0.0
    0.0
    0.0
    0.0
    0.7628533391861873
    0.27489991274316433
    0.30897171706428156
    0.8537863141957633
    0.038781787612611265
    0.4301409979000061
    0.0
    0.0
    1.4348592914454756
    0.366475895912679
    0.6176987742178196
    0.10592595834817473
    0.0
    0.0
    0.326255249634009
    0.6444757100662611
    0.4332447086782426
    0.0
    0.5430589969342059
    0.15701991246090607
    0.35974222991237753
    1.0057553742216498
    0.0027438175191802526
    0.1661665227682648
    1.3585620197889907
    1.0059661577012562
    0.0
    0.0
    0.7489855498678228
    0.0
    0.0
    0.9852035058686825
    1.5868448633111831
    0.006870584627602915
    0.0
    0.9315259847875329
    0.0
    0.38857131695715924
    0.0
    0.0
    0.6505333842968897
    1.0720114184486242
    1.4228621408862137
    0.07591850544899062
    0.8304883092798696
    0.0
    0.0
    0.7970962041199084
    0.0
    0.7404025391948158
    0.0036915946835478866
    0.4981732993508607
    0.6657564199687941
    0.0
    0.16500329511609416
    0.0
    0.49635168015753534
    0.10259973710615207
    1.712603003592658
    1.1305469474051082
    0.15129114026314625
    0.6508413546568299
    0.5594902336376755
    0.0
    0.0
    0.005111782346930358
    0.0
    0.0
    0.5376696028789065
    0.9983149010625065
    0.6066309340684112
    0.5846141928362235
    0.0
    0.27470282496503057
    0.1393255922878802
    0.6698451722049024
    0.0
    0.4263129463543203
    1.3047887488533947
    0.7492576666573116
    0.0
    0.5540115983120945
    1.8710574753388374
    0.32388141398348097
    1.1816992178287022
    0.1134517229666607
    0.9539870715678503
    0.30837131036208687
    0.0
    0.5552927524439922
    0.0
    0.6157876845779705
    0.0
    1.161915032131399
    0.817403067319759
    1.207885868638935
    0.30556164915560524
    0.3257185384312568
    0.0
    2.352264982055934
    0.0
    0.9032717639224139
    0.0
    2.2109457294009984
    0.0
    1.7040366864774141
    0.0
    0.0
    0.44756126368820043
    1.704752885835539
    0.0
    0.0
    0.0
    0.2995128188184228
    0.0
    0.0
    0.0
    1.463998640371618
    0.0
    0.6262469996233258
    0.0
    0.48853801226435983
    0.16280321559830843
    0.0
    1.1006201434464913
    0.7721561950452994
    0.0
    0.0
    0.7494265462643701
    0.15459863404493857
    0.0
    0.6955803857237891
    0.0
    0.3824072029166359
    0.8220323093550038
    0.0
    0.0
    0.0
    0.0
    0.08380478263936374
    0.7692084177648527
    0.0
    0.0
    0.0
    0.0
    1.5103839469174793
    0.34330232373270625
    1.0829497084008441
    0.8176200541308326
    0.0
    0.0
    0.46656585563635483
    0.6520936316341477
    0.9436803006507757
    0.0
    0.0
    0.48433096860742947
    0.8788053112306184
    0.0
    0.9008480625154279
    0.7615374513155301
    0.0
    0.0
    0.23529508822938858
    0.04717417348074234
    1.561275976117583
    0.8809284408601769
    0.5631908299445059
    0.22419424051533693
    0.4796576779687035
    0.4703400373191905
    0.0
    0.6125329481809729
    0.7020022011861945
    0.8877137307444628
    0.3416025510715006
    0.0
    1.4693768821886972
    0.07512433183743773
    0.7633517916281143
    0.3172728392140285
    0.7978542477350314
    0.15369449759118917
    0.7514605492982631
    0.0
    0.05844268220356805
    0.19382032171042862
    0.8655348692659929
    0.0
    0.3092312436593173
    1.0627905933919324
    0.07588546567878808
    0.8586809348622871
    0.0
    0.0
    0.7576194029803935
    1.1140603928626513
    0.7612897598900062
    0.0
    0.6552513561785804
    0.0
    0.08843021794060513
    0.847042899706844
    0.4490973162103654
    0.26992199440809417
    0.0
    0.0
    1.1296798688929974
    1.050896780109461
    2.3144782302768645
    0.0
    0.6902617816820148
    0.019407353180071873
    0.0
    0.0
    0.3466537710390845
    1.3444198543222725
    0.5440457495348541
    0.1079750344313886
    1.2834375527419215
    0.1053707722817899
    1.0148048448339593
    0.0
    0.9031830440006875
    0.3042510921496606
    0.27055513610283377
    0.6725923907620556
    0.49704595620498865
    1.2849706789417934
    0.8776719754891212
    0.5393845854869583
    0.0
    0.37423985269399906
    0.39776034588603765
    0.10710541312513808
    0.0
    0.5266522329446848
    1.3880672810628971
    0.0
    1.1577490365543972
    0.49829464020594577
    0.0
    0.2117095470892336
    0.0855270025435093
    0.5414251029531248
    0.24740158192146597
    0.0
    0.227747596052336
    0.031171874576438996
    0.04616536809734669
    0.08386039629851352
    0.13944546564012927
    0.0
    0.7571096748596958
    0.0
    1.4041670907002444
    0.12136508616571859
    0.29038055969373744
    0.0
    0.941235077735694
    0.43987322841054827
    0.0
    0.5930305332675838
    0.27811400494712296
    0.0
    0.0
    1.4311122184620484
    0.050117845048469195
    1.6353761992106708
    0.0
    0.6941355859869408
    0.0
    0.36148424567418563
    1.4758824274661202
    0.0
    0.0
    0.728667834406457
    2.219450302330246
    0.0
    0.10337051792130028
    1.0494962027480994
    1.4179413883524288
    1.3335611396304
    0.0
    0.0
    0.20657367996220627
    0.9331379820532829
    1.1260896648781504
    0.6499233606431872
    0.1991257211347337
    0.5126129648059762
    0.0
    0.0
    0.5838501107509537
    1.1856725755080337
    1.5624430955773478
    0.0
    0.34746269524510476
    0.1924006047633342
    1.388516323037076
    1.4989883412668155
    0.14077336772172477
    0.0
    0.5444088116699771
    0.8777571478837953
    0.28965644280849917
    1.4566333190631995
    0.0
    0.7411053016954013
    0.2642073554267606
    1.170765921719472
    0.7788861484686934
    0.0
    0.1978426468614381
    0.0
    0.0
    0.0
    0.11041436761829077
    0.8755661439953754
    0.0
    0.0
    1.0251484883138315
    1.2225330084361279
    0.1292704639332778
    0.0
    0.0
    0.3149712534364014
    1.1751199596001896
    0.0
    0.10574617340400107
    0.4141707097618598
    0.8057081688086347
    0.906874398121396
    0.0
    0.6166267349933359
    0.021158275141250706
    0.013801950749441926
    0.010654116146969705
    0.8416862881853814
    0.625539629708339
    0.0
    0.8244008041058988
    0.39632020285844527
    0.0
    0.16178226266003967
    0.42662227017802246
    0.11778822074057735
    0.0
    1.7128183802157937
    0.22650904830031965
    0.6730311985979887
    0.0
    0.7200036200431149
    0.5750993182886883
    0.0
    0.0
    0.0
    0.3750157672395864
    0.23319789857409987
    1.69973365826957
    1.05966568267589
    0.12105828451777458
    0.01698276189365559
    1.5705714953804788
    0.3055979182569127
    0.7996999902758223
    1.4043105545713057
    0.09389961777511355
    1.3242873883954511
    0.0
    0.934787479884173
    0.0
    0.0
    0.0
    1.0059459409801104
    0.674970764867945
    1.2300646110784648
    1.232472356511448
    0.8989935439759749
    0.0
    0.33713622388792397
    0.849871259431201
    0.0
    1.199281705093791
    0.10690848054563186
    0.46102282223203167
    1.8510021421909248
    0.2598929098124216
    0.0
    0.0
    0.030530637016671858
    0.7624036763003763
    0.0
    1.4617924933738387
    0.9630918650375401
    0.0
    0.5803318352096571
    1.4568275280391647
    0.7981674887952314
    0.19845130866776264
    0.0829615332986114
    0.0
    0.008944410258622916
    1.4290164185432437
    0.0
    0.0643281396160171
    0.6480620546700123
    0.18904800323817741
    0.0
    0.2955260311682644
    0.32346742303689496
    0.0
    0.0
    0.39644515814505993
    0.636528125768014
    1.9152413607325212
    0.0
    0.7348655543770156
    0.18402983412455043
    0.0
    0.9834425022546518
    0.0
    1.6606908554874573
    0.1840950206003671
    0.372823195732244
    1.0091682713882117
    0.6702563676712983
    0.0
    1.2693476450023595
    0.2859370544141859
    0.4139948407029031
    0.0
    0.39782577567120775
    0.298593256954047
    0.77231504618317
    0.0
    2.3812619229923824
    0.0
    0.0
    0.3493023610432934
    0.33152271689810936
    0.0
    0.0
    0.0
    0.4150972956839118
    0.6497675945799957
    0.0
    0.4105256445921499
    0.0
    0.06126504525880654
    0.4671631727137999
    2.001303914710107
    0.0
    0.39092152256377405
    0.0
    0.967140110104724
    0.7152470813581707
    0.0
    0.6961922168575965
    0.0
    0.8660699023058842
    0.0
    2.2616934972008647
    0.16948034380277302
    0.0
    1.957442435622614
    0.0
    0.0
    0.5782617774291867
    0.0
    0.398584295132159
    0.6246012061712413
    0.0634308404017326
    0.9240484968846674
    0.25950068424628087
    0.0
    0.1835341842319531
    0.0
    0.0
    0.0
    0.0
    0.2618307085775658
    0.6397504777190942
    1.1140790818440176
    0.0
    0.0
    0.3742802680185606
    0.44432121927043206
    0.2825779569844288
    0.5572023197443355
    1.26129992590157
    0.6425642500663256
    0.0
    0.8581995213209612
    0.0
    0.0
    1.0703516300983478
    0.0
    0.8922626126738479
    0.11253993965376698
    0.0
    0.375462036230401
    0.35190136829888224
    1.1728773172869715
    0.07218502250948379
    0.0
    0.0
    0.7562979099447259
    0.6034193798475458
    0.25768141135383693
    0.12631158450804614
    1.0751790988706178
    0.5087954964634814
    0.0
    0.0
    0.0
    0.0
    0.49762735404558456
    0.0
    0.01278740498895285
    0.0
    0.0
    1.1848329713613774
    0.5808726201182806
    1.5346012724165663
    0.5358477706555292
    0.0
    0.024634443085457
    1.5696794411506378
    0.0
    0.08083945332271923
    0.05577497607234422
    0.0
    0.0
    0.0
    0.9668727950054217
    0.0
    0.06742723266359518
    0.0
    0.30466440018701724
    0.5694028006481212
    0.0
    0.0
    0.659122722657293
    0.0
    0.11432012963692162
    0.37087211324848596
    1.3161062826806287
    0.0
    1.272810739924841
    1.1142409111160319
    0.0
    0.2543317112064155
    0.4797777870673065
    0.0
    0.002301474167759705
    0.0
    0.2825412839533654
    1.0584741435840386
    0.2007250760342748
    0.5212123313549238
    0.0
    0.7548443135950339
    0.125189007202093
    0.0
    0.9579551979529768
    1.6162905233867673
    1.5519332721321457
    0.22899351566673717
    0.0
    0.0324170356665756
    0.0
    1.3554792356590843
    0.9450097718827948
    1.4587082649160392
    0.0
    0.0
    0.0
    1.1303814739261138
    0.23968964937916407
    0.8394596866137984
    0.0
    0.7057033841309182
    0.4492231335940982
    0.03365943029591668
    0.0
    0.0
    0.3302141426606763
    1.234156397773708
    0.3832162659094916
    1.160836859694371
    1.6934843167203109
    0.5168543724890028
    0.40472352577866433
    0.0
    0.8835343488122055
    0.0
    0.4340118355528708
    0.0
    1.209962895772701
    2.105659838923703
    0.0
    0.19513444120592957
    0.4503827767138211
    0.4784398559353266
    1.1766388903202214
    1.1467767852282187
    1.2204165570615244
    0.27683646452026067
    0.0
    0.7837108247277351
    0.12895299372613422
    0.0
    0.31501122452106245
    1.832022553300428
    0.0
    0.5610735652165547
    1.302839503679681
    0.8774593570174967
    0.14719548737166466
    0.8683249502595456
    1.1018064729829617
    0.670728597361834
    0.0
    0.20505963496758742
    0.0
    0.18907658472291802
    0.0
    1.5907221680642414
    0.0
    1.0866567732875219
    0.7435013802106104
    0.0
    0.0
    0.43625627167011793
    0.7611599171062028
    0.0
    1.4403377685398524
    0.0
    0.0
    0.045831182669919174
    0.0
    0.0
    1.615401010594505
    0.2650345632210054
    1.1244690695886188
    0.0
    0.0
    0.5917446402319385
    0.751117375453282
    0.0
    0.0
    1.8495538632127428
    0.8101832816232267
    0.0
    0.0
    0.48897100184733727
    0.0
    0.0
    0.0
    0.0
    1.8783982949425209
    0.054216681243340004
    0.9066823718876236
    0.03364734611553636
    0.2723411968345575
    0.0
    0.0
    1.0643527845588447
    0.254739523371987
    0.6679463480279186
    0.63007996456992
    1.8753180430398488
    1.5055272250517266
    1.4279621610058324
    0.0
    0.0
    0.07827542561727892
    0.0
    0.8401149181844468
    0.6782916164116045
    0.6270478115821284
    0.3366369046065579
    1.4124679479241262
    0.0
    0.0
    1.0980687588003055
    0.21891162903529285
    1.2612508367398731
    0.0
    0.0
    0.0
    0.0
    0.9779636400045006
    0.9575379580742664
    0.5280265162896625
    2.2029658533687324
    0.0
    0.0
    0.2554184192155178
    0.49046377276716036
    0.0
    0.8050982134561341
    0.7936219421548842
    0.18665954527358908
    0.14761292411496596
    0.0
    0.7712916881850418
    0.7846004747497761
    0.0787937353777546
    0.0
    0.0
    0.571032060276597
    1.5383630059882267
    0.6640988964636078
    0.4754487687846913
    1.10344711764604
    0.975001581524855
    0.0
    0.0
    1.2839839847377164
    0.30744289638903644
    0.3271864636817424
    0.0
    0.7294266437021938
    0.11590080656209498
    0.7240614391735244
    0.0
    0.0
    0.24754044793364813
    0.0
    0.0
    0.5016561299610102
    0.37376693237948755
    0.10069621510465597
    0.2147833274884096
    1.003095439324078
    0.19709311715973202
    0.0
    0.0
    0.13977026646972426
    0.7471186411563474
    0.0
    0.1698500300364171
    0.6627341072528113
    0.16749385510255183
    1.3029690149855706
    0.0
    1.1848859883034013
    0.9312564692847823
    0.587033822571111
    0.0
    0.0
    0.06214543906719972
    0.41876718229081655
    0.0
    0.7254016624998704
    0.0
    0.0
    0.11727744059845192
    0.0
    0.4002919941498727
    0.9503896470993937
    0.0
    0.35870842470786757
    0.0
    0.6438246025062071
    1.1754846792253861
    0.0
    1.705921757666191
    0.0
    0.08480382795913304
    0.0
    0.8509279062256582
    0.7818850371334861
    0.0
    0.0
    0.3332525988000898
    1.2173219475873749
    0.7478126722442892
    0.0
    0.0
    0.8351465857973422
    0.0718380388838034
    0.11609472159764497
    0.0
    0.0
    1.0278348789115954
    0.0
    0.6853153774616735
    0.02830375685609632
    1.1132315063071958
    0.36313120076890154
    0.33073879438826276
    0.30583409965279157
    1.1948728517782472
    0.0
    0.43855894985965754
    0.1953561770486541
    0.16142344908604678
    1.2301002097809965
    1.7456654594810108
    0.0
    1.0951188957919284
    0.0
    1.55999671500176
    0.0
    0.13563978703401963
    0.4053752356477133
    0.0
    0.0
    0.0
    1.434402429579156
    0.0
    0.1263306461923442
    0.7900052500881054
    0.1324075754681256
    0.5859242489531156
    0.45965607041842427
    0.0
    1.6914709511187285
    1.3411532730148126
    0.6716755751435739
    0.09269988930911867
    0.9142910840269199
    0.0
    0.27259468465629827
    0.42535966106621914
    0.0333048208083462
    0.0
    0.0
    0.0
    0.5556528601389762
    0.0
    0.0
    1.360286768391629
    0.29501344372717875
    0.10459996055532145
    0.009225310460307192
    0.5078852104465001
    0.0
    0.0
    1.1889194804163843
    0.5017025485042115
    1.0179211577559417
    0.5291393315512328
    1.5352541503952708
    0.6311485705458796
    0.0
    0.2632102771320371
    0.5512722940861805
    0.0
    1.2486312128053039
    0.0997361910687744
    0.22948623056615153
    0.4282344721934431
    0.0
    1.3995694867018391
    0.0
    1.2491565242592142
    1.9009362046357867
    0.5656771191509163
    1.1129346561016198
    0.06808474765960398
    0.0
    0.0
    0.3653574197756416
    0.0
    2.234387360974656
    0.32012582261260125
    0.884546547585884
    0.0
    1.2503313718083375
    0.0
    0.0
    0.0
    0.0
    0.0
    2.024442318546428
    0.0
    0.9994458322154639
    0.3443794645780537
    0.0
    0.2055906399283073
    0.0
    0.0
    0.03213152991281266
    0.1296004623395776
    0.0
    0.691180155808773
    0.5636924252353698
    0.0
    0.0
    0.6839277620901549
    0.16345512806905402
    0.2829108641583381
    0.5581208566497374
    0.5378408420104165
    0.0
    0.0
    0.2537819995408836
    0.0
    0.0
    0.6356946973539684
    1.6800275198250534
    0.0
    0.0
    0.9079174102520515
    0.5243397668142658
    0.0
    0.8388645364553037
    0.0
    0.0
    1.037091708133459
    0.0
    0.0
    0.027279622838703915
    1.3562381346854455
    0.0
    0.0
    0.5692169316315908
    0.759588436726465
    0.06435174111193633
    0.0
    0.0
    0.9678990078826059
    0.495907095926056
    0.0
    0.0
    1.3339064846755915
    1.0957485804252736
    0.03970930813593179
    0.18846606861309753
    1.6977175590122013
    1.79009631892678
    0.0
    0.05883694606772123
    0.0
    0.6768659802731102
    0.5070370456017471
    0.2395799861658265
    0.0
    0.46549794468943867
    0.6077654150321052
    0.5964449504140344
    0.9246602583282043
    0.379508817347149
    0.0
    1.0239410989112065
    0.0
    0.32666212126883326
    0.0
    0.8065850150185657
    0.6563932425616313
    1.4064511563015858
    0.0
    1.2849472876871408
    0.6540640824263424
    0.2291265276016398
    0.5849599033304955
    0.2771904027378903
    1.1435796931382929
    0.0
    0.1367949023185607
    0.42242546849343865
    0.8285391634614026
    0.2926696415299742
    0.7702452449672074
    0.0
    0.16452605675264237
    1.2716902127102998
    0.0
    0.9224172447529694
    0.32424916649658186
    0.0
    0.0
    0.4271404006418463
    0.06839962801516732
    1.2545831096171585
    0.0
    0.6984411961309581
    0.13850161458886953
    1.0810644664885694
    0.0
    1.1421089595431835
    1.1115806892403328
    0.0
    0.10310643450497381
    0.0
    0.029661048166198568
    0.05865128642902374
    0.34538378961994676
    1.1691411028333325
    0.6722892484587731
    0.390181786926014
    1.5770604065250298
    0.0
    0.0
    0.5137559837646535
    0.11591730030249658
    0.0191112965725721
    0.04782097060420993
    0.0
    0.0
    1.3717273836705743
    0.0
    2.2754159760557737
    0.17499599115777148
    0.0
    0.0
    0.0
    0.0
    0.0
    0.0
    1.549684036174119
    1.4101214826458255
    0.0
    0.17294551711187883
    0.0
    0.0
    0.6954585817500444
    0.0
    0.0
    0.6227822252923658
    0.4070985379959487
    0.2618560962709512
    0.0
    0.4643895244420009
    0.0
    1.801207374857164
    0.0
    0.19953020279447753
    0.0
    0.0
    0.096006562614757
    0.41676628570473945
    1.4173775373839153
    0.4211453316553192
    0.0
    0.0
    0.799805583310613
    0.028611722964552673
    0.0
    0.4236925682160985
    0.0
    0.0
    1.2106015610591203
    0.24442940353638376
    0.7151794610748873
    2.1634718401898008
    0.0
    0.07838974670076393
    0.0
    1.707330478416454
    0.916831779930835
    0.0
    1.0586342133630053
    0.0
    0.4045911866721641
    0.0
    0.5486399557746179
    0.1344435811440237
    0.9806837031267368
    1.4886122822145342
    0.8083833328458166
    0.0
    1.9646197866261115
    0.0
    0.5231809628140014
    0.0
    0.34155049775554513
    0.031296154035246194
    0.0
    1.3591499152405084
    0.3511572655008148
    0.0
    0.5275679151904029
    0.5845306648357407
    0.07031466609934262
    0.07978887990324458
    0.0
    0.0
    0.4158090988334942
    0.6937740685130934
    0.0
    0.09524045448312518
    0.5841030279280878
    0.0
    0.4909015708387145
    1.10774040667939
    0.08355458164221319
    0.14302281850958007
    1.733821278479404
    0.33404368815936614
    0.0
    1.8102364446275003
    1.231210950225339
    0.4827318267817008
    1.6564626853487707
    0.4058563803795782
    0.12025615017760485
    0.34099156392743124
    2.0838846742262573
    0.8245167917548853
    0.0
    0.0
    0.20639561805068385
    0.6880822556924855
    1.452472438895453
    1.7594973846859794
    0.7010545760604687
    0.0
    0.7896018351230849
    0.5966558901835151
    0.0
    0.0
    0.0
    0.15548615476580077
    1.2236341176696315
    0.2843939098519261
    0.20729049002816785
    0.23865457385005115
    1.422337295207858
    0.4286956752367602
    2.4397587303242028
    0.920507428825529
    0.06873450408502438
    0.0
    1.027827072237945
    0.5909929611353698
    0.7574283067365919
    0.42382299366902537
    0.6905068716086914
    0.8546535461604229
    0.20399681167035505
    1.1149653789185092
    0.026666871678568287
    0.24215028920883652
    1.0048878121850187
    0.0
    0.0
    0.09897419041066007
    1.3860666763293101
    0.5699735591591348
    1.4054675850194696
    0.0
    0.0
    0.0
    0.0
    0.0
    0.0
    1.0577282122818208
    1.3521490864663077
    0.4409605671779684
    0.0
    0.0
    0.0
    1.4864849441197463
    0.0
    0.035683452665582295
    0.8511574988626718
    0.9242985936780652
    0.5499060300317063
    0.19767681461170492
    0.0
    0.346706529040047
    0.0
    0.06779192344197144
    1.1031163042194085
    0.6636161925078956
    0.7128844202838682
    0.3008440569401913
    0.31121412221049616
    0.0
    0.0
    1.376701138592521
    1.5845726822449928
    0.0
    0.9090116514105013
    0.6742695210698626
    0.11312040654836965
    0.0
    0.0
    0.0
    0.0
    0.9984500671091534
    0.0
    0.12525315501348963
    0.0
    0.2995703517189145
    0.0
    1.22302305642393
    1.3714028170136372
    1.2345184182702016
    0.0
    0.0
    0.0
    1.3198317777276412
    1.8352308123184602
    0.3560908718755924
    0.0
    0.417538440241838
    0.1944954910554535
    0.9087856047029813
    0.0
    1.3615817988901133
    0.0
    0.553690283728538
    0.05979494591775077
    1.0116033995616396
    0.7832599560373655
    0.3370021731233349
    0.0
    0.3001449975971003
    0.0
    0.25100014418408284
    0.654156664338575
    0.6739039258813556
    1.7575539681942107
    0.43937577070793105
    0.6912266736487467
    0.058560339552698765
    0.0
    0.0
    0.0
    0.10414242224037347
    0.27804778435480393
    1.5662184332198614
    0.1307486328888965
    1.2146298551170407
    0.0
    0.0
    0.4238400856990455
    0.31956991738887125
    0.0
    1.0580430447488833
    0.0
    0.0
    0.0
    0.8155336073256659
    0.0
    1.0163461542933223
    0.0
    0.0
    0.4400105573525703
    0.0
    0.0
    1.4353979585162304
    0.020186426341856464
    1.0504439513608053
    0.8424047518965638
    0.0920259472837525
    0.679662606344045
    0.0
    0.9280856646970046
    0.0
    1.0611757047210797
    0.8547589021832875
    1.2176616106449754
    0.0
    0.0
    1.3784020682255704
    0.0
    0.001010822324478661
    0.09163469461002482
    1.0968990397513585
    0.0
    0.7186119682002199
    0.8606485192418885
    0.12362448040512405
    0.9918675615669892
    0.6395561917707356
    0.0
    0.32920483754531665
    0.3087469619842371
    0.07266127232808046
    0.0
    1.3474013005412395
    2.6692305368255376
    0.0
    0.08498363422679234
    0.6572042215373319
    0.40944482370389734
    0.46739028184001646
    0.6112821208850457
    0.10890184614959
    0.4093811637166781
    0.6830946137041746
    0.0723666160647568
    1.8968986823707312
    0.10924445810062132
    1.1224789785958922
    0.0
    0.0
    0.0
    0.16397284306189183
    0.5835313590772209
    0.5027773433732734
    1.2437350271414187
    0.0
    0.09575892854598846
    0.0
    1.4825077258266233
    0.28687123473237824
    0.06475933642387877
    0.9116442918114356
    0.0
    0.0
    0.7622485845615234
    0.32864468803461044
    0.0
    1.2118998867189936
    1.2321851145471086
    0.0
    0.0
    1.0949099694225723
    0.7868042094202645
    0.0
    0.038140872037010234
    0.0
    0.19418519591051733
    0.0
    0.0
    0.009021014575695391
    0.0
    0.3573411539155645
    0.712351683110806
    0.1117428472613646
    0.6282038077523737
    0.8798338363129738
    0.0
    0.4154513626695157
    0.0
    0.19749849312257897
    0.0
    0.0
    1.5425003274235534
    0.3459690005660486
    1.1756840767442394
    0.0
    0.0
    0.0
    0.0
    1.2499016004091335
    0.15651844443415752
    0.0
    0.1350254143477343
    0.0
    0.0
    0.0
    0.2745710844984537
    1.2599081231356006
    0.14734397304735553
    1.5401088884250294
    0.0
    0.0
    1.762450028292201
    1.5050528703270345
    0.3591521128210146
    0.32131167584775194
    0.0
    0.0
    0.0
    0.5286610247399376
    0.42988289613414055
    0.0
    0.5381924293176578
    1.8458077807364486
    0.7869204916999079
    0.0
    0.0
    0.0
    1.314236129579716
    accumulated_time=0.8757266998291016






|

.. code-block:: default

    print(__doc__)
    import time
    import numpy as np
    import matplotlib.pyplot as plt
    import pytransform3d.transformations as pt
    import pytransform3d.plot_utils as ppu
    from distance3d.distance import point_to_ellipsoid
    from distance3d import random, plotting


    random_state = np.random.RandomState(3)
    # TODO move to random
    ellipsoid2origin = pt.random_transform(random_state)
    radii = 1 + random_state.rand(3)

    ax = ppu.make_3d_axis(ax_s=2)

    accumulated_time = 0.0
    for i in range(1500):
        point = random.randn_point(random_state)
        start = time.time()
        dist, contact_point = point_to_ellipsoid(point, ellipsoid2origin, radii)
        end = time.time()
        accumulated_time += end - start
        print(dist)
        if i > 50:
            continue
        plotting.plot_segment(ax, point, contact_point, lw=1)
    print(f"{accumulated_time=}")

    ppu.plot_ellipsoid(ax=ax, A2B=ellipsoid2origin, radii=radii, wireframe=False, alpha=0.5)
    pt.plot_transform(ax=ax, A2B=ellipsoid2origin, s=0.1)

    plt.show()


.. rst-class:: sphx-glr-timing

   **Total running time of the script:** ( 0 minutes  1.184 seconds)


.. _sphx_glr_download__auto_examples_distance_plot_point_to_ellipsoid.py:


.. only :: html

 .. container:: sphx-glr-footer
    :class: sphx-glr-footer-example



  .. container:: sphx-glr-download sphx-glr-download-python

     :download:`Download Python source code: plot_point_to_ellipsoid.py <plot_point_to_ellipsoid.py>`



  .. container:: sphx-glr-download sphx-glr-download-jupyter

     :download:`Download Jupyter notebook: plot_point_to_ellipsoid.ipynb <plot_point_to_ellipsoid.ipynb>`


.. only:: html

 .. rst-class:: sphx-glr-signature

    `Gallery generated by Sphinx-Gallery <https://sphinx-gallery.github.io>`_
