
.. DO NOT EDIT.
.. THIS FILE WAS AUTOMATICALLY GENERATED BY SPHINX-GALLERY.
.. TO MAKE CHANGES, EDIT THE SOURCE PYTHON FILE:
.. "_auto_examples/distance/plot_triangle_to_rectangle.py"
.. LINE NUMBERS ARE GIVEN BELOW.

.. only:: html

    .. note::
        :class: sphx-glr-download-link-note

        Click :ref:`here <sphx_glr_download__auto_examples_distance_plot_triangle_to_rectangle.py>`
        to download the full example code

.. rst-class:: sphx-glr-example-title

.. _sphx_glr__auto_examples_distance_plot_triangle_to_rectangle.py:


===================================
Distance from triangle to rectangle
===================================

.. GENERATED FROM PYTHON SOURCE LINES 6-42



.. image-sg:: /_auto_examples/distance/images/sphx_glr_plot_triangle_to_rectangle_001.png
   :alt: plot triangle to rectangle
   :srcset: /_auto_examples/distance/images/sphx_glr_plot_triangle_to_rectangle_001.png
   :class: sphx-glr-single-img


.. rst-class:: sphx-glr-script-out

 Out:

 .. code-block:: none


    6.3277591206189285
    6.620451494154924
    5.02541364277034
    4.742088793901885
    6.29899858363353
    5.013929756771298
    5.8474852082984805
    6.766233587829046
    3.924438577952539
    5.039183185688377
    5.08585076260764
    4.994800701931011
    6.020111660093897
    5.9186661415014274
    5.803450853180111
    4.250803226415846
    6.270910361448214
    4.745107103600492
    6.4861490663003805
    7.274960329764271
    5.4821966660574075
    6.409937420859705
    5.769194495806118
    6.2813976844865005
    6.514230074892009
    4.6677315779323125
    5.235822441668106
    6.4614974631051165
    4.614814994721021
    6.170689789394749
    4.490480041487886
    5.725663678894183
    5.870714420744156
    3.9624245638860423
    6.201626976948633
    7.030285753042149
    5.327746649825078
    5.542211241915228
    5.409164858324159
    6.236061578277585
    5.305691778668619
    5.529252985900281
    5.866719524946538
    5.362107451795066
    6.54851726524372
    6.9550218279146385
    6.652265089214385
    5.20426254285817
    5.737839020079972
    5.5476909237579735
    4.450818533907014
    6.120537276801965
    4.888873801187167
    4.946613537070136
    5.028394929671611
    6.1494707148835515
    5.732973591192887
    7.017969521135937
    6.478865269228537
    4.970767203744344
    5.759737552362142
    5.322444960082006
    5.621042265910562
    5.7933631853343694
    5.847821596519904
    5.733960242875254
    6.9753604890842995
    6.901359511758172
    6.3176985940885455
    6.3383588491069975
    6.9616664752863295
    7.003225706794438
    7.008680188780305
    4.739318291602197
    5.155777989006919
    4.449763685888739
    6.497345322247719
    7.389140415887909
    5.823582885604077
    3.6704241375537854
    4.477580315401263
    4.547614485086294
    5.248575674889156
    5.339369991753618
    5.560371563079528
    6.078758637307118
    4.890357509019757
    4.527214474542553
    5.047782312964236
    4.695257971911738
    5.762607526808878
    6.44336006282807
    4.404825516049174
    5.771464752992177
    5.561946957614791
    5.0749249479888885
    6.8221423080561605
    5.349939806324161
    6.421573736822015
    5.066918513029218
    3.8014005246803557
    4.547678767607667
    5.375949028213603
    3.568091020975815
    4.367834036392163
    5.697773845767861
    5.925768720479455
    5.8388643990096565
    6.641873627640963
    6.348916981623845
    5.623286902267707
    6.033069884398602
    5.476734354255773
    7.20735117376614
    5.581022919696409
    6.087943987055052
    6.795676984883095
    6.043732642815009
    6.142469163013095
    7.234907122623784
    4.923946910455393
    5.443072983185588
    5.808400077510608
    5.131320706200472
    5.815604058450563
    6.078341677001889
    5.498070028708939
    7.193013789424249
    6.1707353014918676
    4.988620978602878
    4.756068472067649
    5.6200730219397155
    6.64834678003659
    4.878242906878802
    5.813902166659415
    6.433372924785435
    4.638163332279849
    4.342305234343564
    6.928093382300377
    4.629199101900644
    3.402954146699755
    4.824707725728724
    4.15619732901198
    4.060628632713869
    5.776136341915165
    4.600890400593594
    5.642009633295284
    4.043563935242764
    6.151937175655351
    4.834784004883948
    6.3077799093187465
    7.1000950128374845
    7.499159067221975
    5.190582659764813
    5.215016185443613
    4.70965456346802
    6.950797481861924
    5.642063989366971
    6.82515968518683
    6.808755394067636
    6.544777027946168
    3.8820683395680153
    5.7810960019439666
    6.687844512712069
    3.851125396710506
    4.828955485512859
    6.724058323066497
    5.1008053731881455
    3.975277204135222
    4.177064036193237
    5.877758471126855
    6.130055976140577
    7.362469189040202
    6.521483726646586
    5.7284613913080245
    5.384013556522561
    4.920131495786124
    6.1117040971332335
    5.003187191181194
    4.609405910148579
    5.8982156947396
    4.445313465567439
    6.717714026047796
    5.913875566845203
    6.945540261894488
    6.158583961575144
    6.536810626839675
    5.923833601430679
    5.944219162898721
    4.623607377492964
    5.691943793909397
    4.092623739306014
    6.93685857735293
    7.5744295184069985
    4.945517369942591
    6.409457914585162
    4.916327160540949
    4.364715440646236
    6.767784533167214
    5.882739855263259
    4.670169356258335
    4.38692841600621
    6.171646060569818
    4.2111207620771625
    5.504969054140836
    5.776432513903752
    6.501465670937776
    6.30132874440017
    5.197693889230604
    4.255449197411117
    7.041516472773534
    5.196408863836507
    3.8158366822231065
    5.625680488074671
    6.134007276185976
    5.865935645519854
    7.39689277936941
    4.994364354361654
    7.03456983196135
    4.880522766002614
    5.27467080055879
    5.652769492388687
    4.329867004291194
    5.630515392917418
    5.223156298565596
    4.36382696268773
    5.587156848899062
    5.642908141861249
    6.09480836265617
    6.425775970792201
    6.956737805050846
    5.669581976447277
    6.033423524248781
    3.8724389832039248
    6.4970769431702875
    5.530771122797368
    5.129548645866623
    5.953375745857713
    5.185260963516966
    7.7657293011908965
    6.164333095131953
    3.867699959616537
    5.069948399616031
    5.154394230902233
    5.661207154901056
    5.840694061135487
    3.6900185363142626
    6.1047490113705285
    5.365879140453095
    6.977324648297389
    4.893981817467162
    5.522423888081022
    6.096951553919424
    6.557891403754758
    4.791355738645242
    5.306302649267112
    5.83553515394143
    5.6710338550101875
    5.1264934173324885
    5.391476100981562
    5.332578117824183
    7.503511046176763
    6.249367804361926
    5.960924623581763
    5.780442786189202
    5.221912244914575
    4.908437198491165
    6.34047874557414
    5.657711448479706
    6.311237657013013
    5.644436166383852
    4.457626202564905
    5.685502310010257
    5.7293666658125755
    7.093350669719584
    4.943512125622167
    3.6807197356513126
    3.200153805409295
    5.1667266989301925
    4.362795540903236
    5.6786411474454175
    5.721146334016698
    6.862723614098421
    5.800467111524587
    5.90520725522755
    7.326038118992107
    4.781656218056533
    6.749738298366596
    4.374105010817691
    4.440265634419012
    6.000606187320686
    6.00240192896953
    6.560632730891387
    5.508524195738026
    5.42535300837262
    7.116065951575994
    4.857545667468106
    6.054929726923635
    4.453889501870008
    5.43509093675883
    5.623448779675382
    4.6387620904480364
    6.885540507941158
    4.727200373769767
    4.5980850620967555
    5.90146224019891
    5.898824491538807
    5.803644826506769
    6.003638802336701
    5.481217256662727
    5.762925028421976
    6.369152695235497
    6.208794095431743
    3.8986947494124515
    6.7831933930321275
    5.949802767831148
    5.107509466316246
    4.078230534132631
    5.3083593193078915
    5.45742431365264
    6.830688708673649
    7.484998820717731
    5.35281437152454
    4.0799498760977775
    6.40579465227136
    5.298531400034966
    5.126965326665677
    4.671379642663591
    6.37935345252547
    6.698428041736019
    5.070415992520998
    5.27270024542037
    5.118434450402383
    5.131299357976159
    5.901707670159854
    6.181127877757371
    4.213934342783348
    6.781255399294935
    4.23956082867534
    6.021664139017257
    5.204740286280406
    3.6429120264462425
    5.643126209177947
    4.483203878538007
    6.2022894871600736
    5.532820368704071
    5.8918766605715485
    5.418564017655831
    5.952293998855773
    5.047475212131873
    5.808358320821338
    6.374644088838963
    7.066223153261915
    4.5299604112162415
    6.761655132559931
    5.558765865828119
    4.9745533768523735
    6.106855568471671
    6.049615420652972
    5.675440083562651
    4.918331470110677
    5.149542000641831
    6.705976020388584
    4.621863622279206
    4.6980063788910975
    7.083354776152567
    4.866898549280099
    5.2036707134352485
    7.220603816384469
    4.801416996557994
    5.526012725927812
    4.9785626026980525
    7.15197235059581
    6.757104334059565
    5.278903731844132
    6.086620845850086
    5.94692475282851
    4.907974435319549
    4.746109234540149
    6.029373239577764
    4.631750104719404
    4.95084529553562
    6.0462134973766135
    4.177881212716196
    5.028916773223825
    6.258486588822572
    6.262801755255171
    4.43288796576283
    5.958515276075605
    5.3022337641889115
    4.581706983514026
    4.580346336380032
    5.24443875439522
    4.984961158369604
    5.592165044210186
    7.094233278991721
    6.682557055220092
    4.937508431144653
    5.313787978119733
    5.170262760350832
    4.012803848092157
    5.294386747396463
    6.002998308352052
    4.713278230286358
    5.324959020757201
    5.0150157111493625
    5.0182503906714455
    5.726252928593822
    5.592749834385039
    5.055948558919276
    5.611259812330168
    4.1540233693195185
    5.240821049885326
    4.874222635882025
    4.885077758180751
    2.8424229231490603
    7.495221088961959
    5.71483354900995
    5.9006873878404456
    5.501704306118121
    6.151496995292521
    5.7800356647710815
    6.447133563519316
    4.660467616512611
    5.7360122665975455
    6.7892527132737355
    3.967914750762534
    5.145448520959339
    5.43006046266663
    4.127023232436393
    4.517475753596778
    6.191241855502239
    5.013999876510657
    6.555720081621671
    7.429054811516129
    6.275639998736382
    4.873933893385787
    5.846462345464385
    4.418921957231003
    5.97762180499228
    4.593320716680883
    5.339152166429053
    6.14472344655862
    5.3404042599520976
    3.5345383737709937
    5.181372647408503
    6.559611213283603
    6.051450582220258
    4.862081193157793
    6.482639670654506
    5.796661233375531
    5.237888055559706
    6.245256655213004
    4.8163470635629855
    4.617338961258532
    5.413801514596633
    6.742315560495311
    5.304620517874535
    4.963361380673982
    5.343272409114262
    5.695689220068824
    5.7818803835872155
    5.837779830011909
    6.446497120947141
    6.098025121606551
    5.104397335326605
    6.012273785438505
    6.221070687696505
    6.664878063186441
    5.257483786886786
    5.846129316087014
    4.1451624761309915
    6.162271011597207
    5.086800498560048
    5.39859983446005
    4.76835533011399
    5.102272575854954
    4.86190661908599
    5.878897675115144
    7.0911248674123355
    6.105287931853562
    7.751148388764097
    5.4918279412984266
    5.649240880291586
    5.052463641032344
    6.1031673265748125
    5.153096260557395
    4.637391250210312
    6.480351383456895
    6.175328727529897
    3.863817051423407
    4.0344824603841785
    5.567201448266277
    6.328730068286602
    4.977643974138432
    5.3460556816785285
    5.543752742934861
    5.953429415732921
    6.253620074312967
    5.803300349909474
    5.158080880728424
    6.559854659254022
    5.598989961509613
    6.317485523588721
    4.808048346925563
    6.033132000155799
    4.478762007762734
    5.690041026966626
    6.447399633116653
    5.211689139186361
    5.974175367283364
    6.384412490961909
    5.222611047764374
    5.356072532225969
    5.577522869536686
    5.938390870138459
    5.655971743879414
    3.473039946010172
    6.301973233181596
    5.363477666206426
    4.801224538389447
    5.362691615518976
    5.705211890471139
    7.0993677780521205
    6.107703135739425
    5.449030903086517
    4.98234217556344
    4.7181683284270255
    5.432470285005163
    6.239260198299414
    5.634304924863239
    5.554326849768882
    5.259428489414481
    6.620220734363952
    6.387478669738244
    4.642024290545985
    6.468829446917962
    4.460256360182871
    4.5957691502448075
    4.319164456550196
    6.293984749852216
    5.242632130276259
    5.413311616560211
    4.879046931662356
    4.047186156937654
    5.482740615460707
    6.134699572815924
    4.85839960879289
    4.647043850092364
    6.7214640596036315
    6.250810564040512
    5.759713854597142
    5.0676846897999495
    5.919656923600796
    5.318626179130695
    5.0980549278591365
    5.2080179490173695
    5.575800329409498
    6.159469201295695
    5.734160350203829
    6.120354361395495
    4.554108145221031
    4.9631091090092445
    4.822044237379456
    7.1391763162899124
    5.20167949757546
    5.790242728960942
    5.386884547414747
    6.032925133862906
    5.207357393236692
    5.803085909817225
    5.652695371609702
    6.6045909613638605
    5.562285903258356
    5.874782405049633
    4.176106502081727
    4.553745900974342
    5.38910144738132
    4.183980921413944
    4.810775899713519
    5.852673293556876
    4.795292126789879
    5.236208293980299
    4.507250020184406
    4.888591114851589
    5.760756341718078
    6.138910847191537
    4.95235165212378
    6.9013193214419415
    4.392887867053434
    5.555650587265841
    5.07648431259852
    5.591109132798638
    5.721105309536723
    5.23833598629628
    6.246342121530551
    4.807450954367475
    6.1229681466301225
    5.011458343231587
    5.898107570473832
    4.513827073090912
    6.050868157427316
    5.240685043452071
    5.400862320584529
    5.582135259322145
    3.7372357034603065
    5.004846441019302
    5.5948464035487575
    6.001938048920088
    4.850091423489131
    5.7869089225618175
    5.017216714592614
    4.169960605814609
    4.542287677574731
    5.80821892099882
    5.583941339902108
    4.779488900868971
    5.5447562897750124
    6.321108340376525
    6.713822239094764
    4.403949347919048
    6.711769826856786
    6.793021445381414
    5.2692721709114245
    6.5201673757044025
    6.278822008554188
    4.937520631817933
    4.592633818722869
    5.986246284671795
    6.0409464399383275
    6.671159615491125
    5.110153970739732
    5.220195877847331
    5.717781484122533
    5.081103924847497
    5.467960876656982
    6.273129959908845
    6.8662586549251605
    5.652230784157176
    5.94106526429362
    4.4217153270128895
    5.541886175031298
    6.423162633391882
    6.155682808925041
    5.712512104314076
    5.7875516991167615
    4.743764440044595
    5.907990285652804
    5.925287981445329
    6.264389809021332
    4.9095625731801285
    5.712346310898285
    3.6820497319653183
    6.596513588934337
    6.363522907384102
    6.373666910521506
    4.966634499623302
    4.796448917100642
    5.242514851927503
    5.212856608783763
    5.1199536368121095
    5.046022125014023
    5.433068707387594
    5.825094477045609
    6.7847883824019775
    5.175783890931214
    4.842503471235805
    6.376420583530401
    5.203414237193609
    5.708460515884787
    4.956135359697382
    6.992476748103218
    5.892600851171798
    4.863856834615369
    5.260866400292059
    6.079062169327046
    5.486743745733127
    5.391382455760041
    4.615707722610936
    5.5343911636854415
    6.658333136671981
    5.619838708711719
    3.7373685763178424
    7.0136866114819805
    5.584872417709496
    3.601225813278257
    5.982827086396169
    4.7124923809961485
    6.668491002158873
    6.502021321040966
    3.5335376634077207
    5.532130251542495
    5.98696925552341
    5.3497290591215005
    4.961205439393614
    5.762373668581475
    4.827098110964654
    4.346664379453549
    4.305910050179704
    8.286072593663826
    4.60676709179684
    6.357915395368458
    5.144669532087637
    5.456635227945545
    5.721183425834731
    5.462667713957873
    3.8889616862265752
    5.302187359824113
    6.675889331101096
    5.82732392148872
    5.478412003747473
    5.922347232427466
    5.6860788841067595
    6.738927906248483
    5.65685618435278
    4.470875317054258
    5.851222931173658
    4.870100617547541
    6.040101204793825
    3.8933225773190183
    7.199132870656016
    6.428495550535865
    6.107111514251541
    6.81593967153873
    5.043726540241064
    5.974225497480316
    6.1323455529062745
    6.6035259428042545
    4.962630221840091
    4.876882007939176
    4.929995068757905
    6.616722404750977
    5.519373702949089
    4.387299246403617
    4.845557208585438
    5.063176528584794
    5.532009452545358
    6.957501813620359
    5.151958724972392
    4.159987906151078
    6.017190957092635
    3.909671111908208
    5.557589525758758
    5.407804202904004
    6.920678134299321
    4.524824049418139
    4.558353588017665
    6.470414572222134
    5.6728599514510565
    5.704013303211855
    accumulated_time=0.9557743072509766






|

.. code-block:: default

    print(__doc__)
    import time
    import numpy as np
    import matplotlib.pyplot as plt
    import pytransform3d.plot_utils as ppu
    from distance3d.distance import triangle_to_rectangle
    from distance3d import random, plotting


    random_state = np.random.RandomState(0)
    rectangle_center, rectangle_axes, rectangle_lengths = random.randn_rectangle(
        random_state, center_scale=0.1, length_scale=5)

    ax = ppu.make_3d_axis(ax_s=5)

    accumulated_time = 0.0
    for i in range(750):
        triangle_points = random.randn_triangle(random_state) + 4 * np.sign(np.random.randn(1, 3))
        start = time.time()
        dist, contact_point_triangle, contact_point_rectangle = triangle_to_rectangle(
            triangle_points, rectangle_center, rectangle_axes, rectangle_lengths)
        end = time.time()
        accumulated_time += end - start
        print(dist)
        if i > 10:
            continue
        plotting.plot_segment(
            ax, contact_point_triangle, contact_point_rectangle, c="k", lw=1)
        plotting.plot_triangle(ax, triangle_points, surface_alpha=0.8)
    print(f"{accumulated_time=}")

    plotting.plot_rectangle(
        ax, rectangle_center, rectangle_axes, rectangle_lengths, show_axes=True,
        surface_alpha=0.1)

    plt.show()


.. rst-class:: sphx-glr-timing

   **Total running time of the script:** ( 0 minutes  1.125 seconds)


.. _sphx_glr_download__auto_examples_distance_plot_triangle_to_rectangle.py:


.. only :: html

 .. container:: sphx-glr-footer
    :class: sphx-glr-footer-example



  .. container:: sphx-glr-download sphx-glr-download-python

     :download:`Download Python source code: plot_triangle_to_rectangle.py <plot_triangle_to_rectangle.py>`



  .. container:: sphx-glr-download sphx-glr-download-jupyter

     :download:`Download Jupyter notebook: plot_triangle_to_rectangle.ipynb <plot_triangle_to_rectangle.ipynb>`


.. only:: html

 .. rst-class:: sphx-glr-signature

    `Gallery generated by Sphinx-Gallery <https://sphinx-gallery.github.io>`_
