
.. DO NOT EDIT.
.. THIS FILE WAS AUTOMATICALLY GENERATED BY SPHINX-GALLERY.
.. TO MAKE CHANGES, EDIT THE SOURCE PYTHON FILE:
.. "_auto_examples/gjk/plot_cylinder.py"
.. LINE NUMBERS ARE GIVEN BELOW.

.. only:: html

    .. note::
        :class: sphx-glr-download-link-note

        Click :ref:`here <sphx_glr_download__auto_examples_gjk_plot_cylinder.py>`
        to download the full example code

.. rst-class:: sphx-glr-example-title

.. _sphx_glr__auto_examples_gjk_plot_cylinder.py:


===================================
Distance between cylinders with GJK
===================================

.. GENERATED FROM PYTHON SOURCE LINES 6-42



.. image-sg:: /_auto_examples/gjk/images/sphx_glr_plot_cylinder_001.png
   :alt: plot cylinder
   :srcset: /_auto_examples/gjk/images/sphx_glr_plot_cylinder_001.png
   :class: sphx-glr-single-img


.. rst-class:: sphx-glr-script-out

 Out:

 .. code-block:: none


    1.2184387980321751
    0.7546941760978131
    0.0
    0.9174049597585872
    1.7231741619643028
    1.0649879359779704
    0.12674432761350718
    0.6855256463034642
    0.0
    1.0737359653185783
    0.0
    0.1414467751818199
    1.0915550145128623
    0.0
    0.0
    0.0
    0.5310011152601076
    0.0
    0.23351372021927086
    0.09036151087368731
    0.5785482991693233
    0.9262963538499807
    0.013625420675713162
    1.5084370769789472
    1.0009199029390063
    0.24421861679412663
    0.36567144030216103
    0.9013126525280672
    0.0
    0.04157885810840798
    1.402624419950277
    1.4248062197797402
    0.077204049729722
    0.08350826159055712
    0.7502676672329295
    0.7753590713913137
    0.0
    0.4704088943570055
    1.9131947376395413
    0.0
    0.0
    0.6533456316077503
    0.6467068084800421
    0.5393754416384511
    0.03608617292514669
    1.782235768387383
    1.3942503525537684
    1.2553437418515438
    0.5348943427417324
    0.2501112486715633
    1.2153076110850332
    0.8002413041074472
    0.0
    0.0
    0.0
    1.378644342247004
    0.0
    0.7052042400581875
    0.7765558034424401
    1.667515535697957
    0.8844936385570857
    0.0
    2.2326105764245714
    0.5908833404966969
    1.2365066830095606
    0.8000347604036369
    0.11925880105250308
    0.928078306275071
    0.8522677254367987
    0.0
    0.10805278413010985
    0.0
    0.9730349752062857
    0.5313836591076032
    1.1257942717239997
    0.0
    0.6348979823418434
    0.4051652785524859
    0.584238148164061
    0.0
    0.1945484199795946
    0.9085043568027787
    0.0
    0.5163226117938705
    0.3761979219233804
    0.0
    0.731322003843859
    0.0
    0.2284150717430582
    0.05127305043823726
    0.014936610450688557
    0.8073363468368494
    0.6857196394978096
    0.8625641701742804
    0.0
    0.0
    0.0
    0.44844277205429073
    0.0
    2.0381711464617234
    0.24803168956314606
    0.845672715338522
    0.0
    2.112045035276792
    0.29672273838311863
    0.5151075592037861
    0.0
    0.0
    0.24990965050952468
    0.0
    0.10300304889253589
    0.2520253010155177
    0.38253320555886633
    0.5622347216636584
    0.0
    0.9557761212780022
    1.118735881940886
    1.3459698262810282
    0.9769032887155255
    1.2661462398161212
    2.132496307955481
    0.0
    1.6402231362194652
    0.0
    2.6247338091114374
    0.021878419077075478
    1.6708049308244002
    0.0
    0.12672817898211652
    1.199348181052023
    0.08381468780309816
    1.4623257995346401
    0.0
    0.0
    0.0
    0.9620359924043073
    0.49513355416522153
    0.23207552949103577
    0.08555943207076867
    0.2360877132381842
    1.1381933710609329
    0.47658504949910996
    0.0
    0.7397400321701102
    0.6554011288750605
    0.0
    0.0
    1.4235291712385918
    0.0
    0.5174566157807295
    1.0308446917206682
    0.0
    1.620232076413039
    0.8569264961015731
    0.0
    0.3051763374902444
    0.3046585128891845
    1.9697748527656294
    0.7980975618393689
    0.9129677035629015
    1.1112768000939859
    0.0
    0.0
    1.6709506689894116
    0.22299213567275883
    1.3740488963769613
    1.3072076629386047
    0.5504692588699114
    0.0
    0.21595852493233245
    0.0
    0.9300393761906617
    2.30094005023021
    1.3281778839367282
    0.7008302406860809
    0.18030904928909885
    0.7372009151363782
    0.8804597668495852
    0.0
    0.6412796139312982
    0.24967939900811525
    0.0
    0.0
    0.05626814753845018
    0.4019648167377453
    0.6835879936275874
    0.36834104990125616
    0.0
    0.0
    1.9850197888476295
    1.0166041266173573
    2.876574676096822
    0.7137251314224826
    1.1293371578955576
    0.4856028900208631
    0.0
    0.0
    0.9356715468065747
    1.8089310718815708
    0.0
    0.7201971240893409
    0.35455471979002967
    1.0326272683632858
    0.3180462703279883
    0.0
    0.0
    1.1813664276145746
    0.7494217531121817
    0.0
    0.8278250747556258
    0.0
    1.5339818913160144
    0.533121427594871
    0.9975204609392371
    0.0
    0.03866559359619402
    0.14870503288272355
    0.8532878887903019
    0.9010959098029444
    0.2884131464746835
    0.15061780477617967
    0.24296310858912282
    0.8698224018094873
    0.8183295441172677
    0.1658320458170772
    0.2558863384535192
    0.0
    0.9370572421423748
    0.7908306589188133
    0.0
    0.0
    0.049708199707247214
    0.0
    0.4323518118747683
    0.08540342664530183
    0.0
    0.7502973723439049
    0.0
    1.1027669724718159
    1.1184929407037407
    1.3573714649905715
    0.9817376901826177
    0.5116856862194471
    0.8168201945885876
    0.3841673179003132
    0.0
    0.06993093279642253
    0.4808008965612915
    0.0
    0.0
    1.6206939503391533
    0.0
    0.15066033785933988
    0.3826297838426548
    0.45106660977239854
    0.0
    0.257622789284255
    0.14034936463503775
    0.3183457593999343
    1.2838521797336202
    0.10672885463091548
    0.9168653374185673
    0.26418715506637563
    1.073577599040333
    1.803099276480747
    2.9307260788657725
    0.28456286858859564
    0.3133887944019035
    1.123273325865994
    0.0
    0.7730539055920572
    0.45423166115093244
    0.0
    0.29386234885963985
    1.0458516049335744
    0.09970174603351252
    0.0
    0.0
    0.01585032183137682
    0.3129780968926594
    0.15617631816183844
    1.575058590128899
    0.021533673192405005
    0.09175351191568933
    0.1697797999156395
    0.0
    0.29169716668941076
    0.0
    1.1164242778412867
    0.661456156544143
    0.14034708622751943
    0.0
    0.5089753221786284
    0.0
    1.0356750880529477
    0.0
    0.011184108650386425
    1.5219443776558534
    1.0853657633794116
    0.40731793430364516
    0.22227250451054334
    0.3133416656602732
    1.721057367985498
    0.03985312425095799
    0.8016767407347478
    0.0
    0.970551414065657
    0.0
    0.9466706202193544
    0.09231748213081356
    0.6660376815977013
    0.6101395720245882
    1.314477650831751
    0.0
    0.0
    0.0
    0.0
    0.0
    0.0
    0.05811655163622787
    0.9675359101073232
    0.05756298794411788
    0.2707430120806458
    0.0
    0.18548604635325344
    1.594462334087491
    0.4965291963333609
    0.0027938022159848634
    0.0
    0.0
    0.0
    0.0
    2.068554329145395
    0.16030569550958337
    0.28532109313845855
    0.27842605965730804
    0.0
    1.3542261181663913
    0.0
    0.0
    0.3621038917996344
    1.8719832923107516
    0.20715195479843698
    0.964004355888793
    1.5295972351517013
    0.45844615361948193
    1.480232310615596
    0.0
    0.0
    0.0
    0.0
    0.35891043133910877
    1.2763794235095745
    0.1523607337773155
    0.4827645541813287
    0.0
    0.0
    0.0
    0.0
    0.08123287224989414
    0.7068469975006004
    0.0
    0.0
    0.2111039574619428
    0.0
    1.3318256898995353
    0.3186850118474907
    0.022200807586070365
    1.1033931652431708
    1.9965840426753867
    0.8950460477512996
    0.0
    0.018569725672490774
    0.0
    0.0
    1.88882540874431
    0.7618512542955208
    1.2569273987713727
    0.22193625189382873
    0.5013367423628443
    0.0
    0.3535966955556751
    0.952465242235843
    0.16297815482470082
    1.7595514422514622
    0.0
    0.03190231898483648
    0.8724419782056754
    0.0
    1.97091878273542
    0.0
    0.035434561611430694
    0.0
    0.93878106607088
    1.0949844871127064
    0.9107392864705409
    0.5826351670918646
    0.6738101449066004
    0.29678628892391457
    1.0372293832357415
    0.0
    0.37298513098107905
    0.15726330032416258
    0.03164569040505451
    0.0
    1.4613305304607753
    0.7367325374496042
    0.0022574890688617467
    0.15584130079665223
    0.0
    0.0
    1.6916263386987638
    0.0
    0.4786014096696132
    0.4676495430874905
    1.4594610758751545
    0.12646197422047314
    0.0
    0.2748766288376529
    1.3704255718710012
    0.9993751349997796
    0.226273327890511
    1.332141191344015
    0.0
    0.7074153651201375
    0.27319477577564655
    1.3573054540843839
    1.7675080054384338
    0.7920473800122854
    0.02953877481792994
    0.4067060139917
    1.3311402758047117
    0.0
    0.1038887845732848
    0.0
    0.0
    1.0248216902112424
    0.7237024051402379
    0.16214480945033108
    1.9202276622360495
    0.39085795539872015
    0.0
    0.470837277659249
    0.02427717248755528
    0.0
    0.0
    0.6564704174293643
    1.3213808781264778
    0.9482372837417574
    0.47915598724732167
    0.0
    1.1421082783516716
    0.6744030013215134
    0.0
    0.0
    0.0
    0.6481630981536817
    1.3119767229491595
    0.6419220883991632
    0.0
    0.0
    0.6468097693937592
    2.3372019585702133
    0.6908707226714639
    0.0
    0.0
    1.6927211409781817
    0.0
    0.3098828544299345
    0.8266473906584544
    0.5671575954297131
    0.8468622716228278
    0.21808556740918883
    1.2463326466391231
    0.8863672181983794
    0.24436525043064722
    0.7338033210049807
    1.517633840590699
    0.7745275321268154
    0.0
    0.1256322729525295
    0.5508159849394035
    2.417936605978892
    1.7492775615326066
    0.23383290697040798
    0.23037980815914386
    0.0
    1.1198859554538094
    0.38196275423106696
    0.2253033653084982
    0.39725499980057616
    0.8465992510557452
    0.4107591161876318
    0.5507725728900281
    1.2247073100354462
    0.41392038294221745
    0.18909371947439862
    0.0
    1.7773969579811715
    0.0
    1.3444551967978766
    0.1871578737323708
    0.6570810581691607
    0.7723032202578387
    0.38855860066539705
    0.8818182851737832
    1.1517628204785182
    0.7125346889382317
    1.158080034637893
    0.4578736064118876
    0.0
    0.10315374780838599
    0.0
    0.1067176634771697
    0.6879296259117946
    1.7449028088865872
    0.7916213452209664
    0.0
    0.0
    0.0
    0.0
    0.08417060821651712
    0.14434209658280642
    1.160461522494961
    1.7735604279690762
    0.37987134618990975
    0.9669936251274861
    0.0
    1.1353171693561486
    1.1751021210013195
    0.04456153705171096
    0.3574214918623557
    0.0
    2.128350714620455
    0.24384091389927617
    1.2396592954399492
    0.5965410319254358
    2.8216222770955937
    0.07250157870363445
    0.867123229828571
    0.7061275664836262
    0.0
    0.838226245484469
    0.8973738073876991
    0.39433937088219795
    0.0
    1.260086040091843
    0.0
    0.0
    1.2096340492870663
    1.4248254916790237
    1.6045885229831298
    1.7234639482250271
    0.7567777457292428
    0.07771481724302952
    0.746754851455742
    1.388548891305781
    0.6436391899665455
    1.5388746164814358
    1.0441313905000453
    0.0
    1.656563093329298
    0.40513341183708756
    0.0
    0.0426220471564857
    0.0
    0.43398366260148896
    0.47930219972908206
    0.0
    1.0559413941054268
    0.0
    0.0
    1.4086731817811853
    0.0
    0.006492950083944307
    0.0
    1.4511946925954773
    0.0325495466502098
    0.9209341041904573
    0.9683370747560054
    0.6289881339010145
    1.937044927562254
    0.35926375996313903
    1.2638655366163378
    1.2169055508100863
    1.4040099957169643
    0.8074870149918811
    0.09991353288746253
    0.0
    0.005070410063214968
    0.0
    0.0
    0.3509285447698923
    0.0
    1.5875894948825597
    0.46565008840238636
    0.06929453493346106
    0.0
    0.772665781110519
    0.0
    1.6654393153377254
    1.2019746625716259
    1.6587442695335504
    1.4373727298300731
    0.233859770645084
    0.009010326342307154
    0.0
    0.0
    1.8400086083221776
    0.8140536926676919
    0.020948256383258073
    0.43176276373458
    1.4578788464738952
    0.0
    1.3836644483204426
    0.09336692472483261
    1.9095642657007161
    0.29032382648803773
    0.6269964535937265
    0.7836924876881924
    0.7499915578274754
    1.5481992439553336
    0.8064246056274564
    0.5383464852591375
    0.9206942212727977
    0.5516011450479674
    0.9087221577025635
    0.0
    0.12288512676436569
    0.0
    0.49001770974872794
    1.6097146119779375
    0.4665630349674869
    0.0
    0.9006643467970794
    0.27033207887742866
    0.577104983460788
    0.730877950620861
    0.45353414851875995
    0.0
    1.5096311652251573
    1.4669248661004661
    0.4097710057342421
    0.6796469220788144
    0.0938814889779033
    0.0
    0.2861054486390255
    0.0
    0.0
    0.0
    0.7541151767563926
    0.0
    0.5374046466514598
    0.20020272939901207
    1.8498740963896887
    2.1289698243609827
    1.6936190132002806
    0.1606810684729836
    0.25456146778341343
    0.5726610445416528
    0.13692330531113114
    0.0
    0.0
    0.08703264041287821
    0.810763027864052
    0.0
    1.1255224920299425
    0.8632108012634652
    0.33055370755226854
    2.144259552022611
    0.8739926384092495
    0.5025395770572519
    2.418619509016611
    0.0
    0.0
    0.0
    0.14411113819445565
    0.07007244251832166
    0.0
    1.7163296987458776
    0.9693143583535494
    0.0
    0.9442208114197929
    0.6278815963361835
    0.9370628242354356
    0.6178663892197824
    0.0
    0.6537224366974885
    0.0
    0.8373059740166177
    0.0
    0.0
    1.3992937624468074
    0.0803990532418932
    0.0
    0.0
    1.7347298147398413
    0.2302297841607294
    0.2566507061203933
    0.0
    accumulated_time=0.7780303955078125






|

.. code-block:: default

    print(__doc__)
    import time
    import numpy as np
    import matplotlib.pyplot as plt
    import pytransform3d.plot_utils as ppu
    from distance3d import gjk, colliders
    from distance3d import random
    from distance3d import plotting


    random_state = np.random.RandomState(1)
    cylinder2origin, radius, length = random.rand_cylinder(random_state, 0.5, 1.0, 0.0)

    ax = ppu.make_3d_axis(ax_s=2)

    accumulated_time = 0.0
    for i in range(700):
        cylinder2origin2, radius2, length2 = random.rand_cylinder(random_state)
        start = time.time()
        c1 = colliders.Cylinder(cylinder2origin, radius, length)
        c2 = colliders.Cylinder(cylinder2origin2, radius2, length2)
        dist, closest_point_cylinder, closest_point_cylinder2, _ = gjk.gjk(c1, c2)
        end = time.time()
        accumulated_time += end - start
        print(dist)
        if i > 5:
            continue
        plotting.plot_segment(
            ax, closest_point_cylinder, closest_point_cylinder2, c="k", lw=1)
        ppu.plot_cylinder(ax, A2B=cylinder2origin2, radius=radius2, length=length2,
                          wireframe=False, color="b", alpha=0.2)
    print(f"{accumulated_time=}")

    ppu.plot_cylinder(ax, A2B=cylinder2origin, radius=radius, length=length,
                      wireframe=False, alpha=0.5)
    plt.show()


.. rst-class:: sphx-glr-timing

   **Total running time of the script:** ( 0 minutes  0.966 seconds)


.. _sphx_glr_download__auto_examples_gjk_plot_cylinder.py:


.. only :: html

 .. container:: sphx-glr-footer
    :class: sphx-glr-footer-example



  .. container:: sphx-glr-download sphx-glr-download-python

     :download:`Download Python source code: plot_cylinder.py <plot_cylinder.py>`



  .. container:: sphx-glr-download sphx-glr-download-jupyter

     :download:`Download Jupyter notebook: plot_cylinder.ipynb <plot_cylinder.ipynb>`


.. only:: html

 .. rst-class:: sphx-glr-signature

    `Gallery generated by Sphinx-Gallery <https://sphinx-gallery.github.io>`_
