
.. DO NOT EDIT.
.. THIS FILE WAS AUTOMATICALLY GENERATED BY SPHINX-GALLERY.
.. TO MAKE CHANGES, EDIT THE SOURCE PYTHON FILE:
.. "_auto_examples/gjk/plot_box.py"
.. LINE NUMBERS ARE GIVEN BELOW.

.. only:: html

    .. note::
        :class: sphx-glr-download-link-note

        Click :ref:`here <sphx_glr_download__auto_examples_gjk_plot_box.py>`
        to download the full example code

.. rst-class:: sphx-glr-example-title

.. _sphx_glr__auto_examples_gjk_plot_box.py:


===============================
Distance between boxes with GJK
===============================

.. GENERATED FROM PYTHON SOURCE LINES 6-42



.. image-sg:: /_auto_examples/gjk/images/sphx_glr_plot_box_001.png
   :alt: plot box
   :srcset: /_auto_examples/gjk/images/sphx_glr_plot_box_001.png
   :class: sphx-glr-single-img


.. rst-class:: sphx-glr-script-out

 Out:

 .. code-block:: none


    0.9042858874624388
    2.901171824991889
    0.0
    1.4598123050359717
    0.9140688921319529
    0.7479678500539901
    1.9366427004807034
    0.5417181311491432
    0.0
    0.0
    2.4972776947118973
    2.452344759148251
    0.0
    1.805662610224829
    2.3811465518986235
    3.2172375563853883
    1.6805098754856507
    1.3858822926093646
    0.0
    0.9227879543047406
    2.902040521607452
    3.1988828311882065
    0.0
    0.6519098047675729
    1.0014051607126864
    1.8244470685516219
    0.7390323176922672
    1.6037165156530602
    3.4804291510740124
    0.13020117425811106
    0.8653677115901173
    1.3478465968995283
    0.5518271267577285
    1.943720174195737
    1.7719014153595287
    3.170828179364834
    3.1304264297519113
    0.4646392577381966
    1.2129520855129643
    0.0
    3.0802001425278878
    1.7275611281376153
    2.1845845912739152
    0.7773844110224547
    1.8710771310266519
    2.5331904232299194
    2.126136693017733
    0.0795231886532177
    0.1015792799961032
    0.5320948746141663
    2.9894843553557955
    1.3100808881880601
    0.01935055044565687
    4.565929753596256
    1.1092117591456803
    2.546806572838852
    2.513517726212427
    4.958821691957983
    0.0
    1.1051797915887631
    3.5222024721763687
    0.7111471913170273
    0.2792272895816187
    1.001631413279587
    0.8265838393538874
    1.4548822318478114
    1.981049591597299
    2.089745512994708
    4.402668217638501
    1.878063392812675
    1.445356509501434
    1.0895081168345206
    1.1280518227336962
    2.039102150743028
    4.143919892535442
    0.757194424004824
    1.4465558882577576
    2.0927346682857775
    3.0368936532532977
    4.566679983947775
    0.0
    1.2265468532557262
    0.23317662861956917
    0.7951827167179942
    2.365567302433737
    1.1188793879099712
    2.877257143852392
    0.25084636462385645
    0.5096789543892234
    0.0
    1.7069224613254588
    1.5389319064814067
    1.0970477991298637
    0.9596215540961806
    0.7360660833263861
    1.4763956264083138
    3.3018386937341377
    2.170424271971813
    2.16018484745601
    2.9104649592194614
    0.6338838610974481
    1.2317811810169308
    2.1733544381399206
    0.8416733960047257
    2.487573047998848
    3.1517870856749175
    0.8515213354143267
    0.5202634933262478
    0.0
    1.5598576004366336
    2.098594673045907
    2.503119206585817
    0.6415124721072094
    0.0
    0.1787762474505495
    0.0
    1.7526817399774146
    0.9178478711083707
    2.4923866009409017
    1.8483669921801282
    0.0
    1.6561788301027747
    5.09597891634852
    3.053244677722423
    0.0
    1.2187029930132638
    2.7910731251634533
    2.788385318548511
    0.1992544542281998
    2.8048570329777727
    1.957470609120816
    1.7037584724297488
    1.0340356389396788
    1.162169741203629
    3.0924817285647146
    0.25219917138433956
    3.553227038421425
    2.4189599588161665
    0.6443579063360217
    1.4179464970814564
    0.99838768701844
    0.14450209755951132
    2.4686893143863347
    0.36511240745901224
    0.865907245209982
    0.41153802628579594
    1.2883476969503007
    1.3417226442766117
    0.450454886561008
    1.432158166257444
    0.3581679700051253
    2.9243247091185673
    0.9010769678811896
    1.549537015260975
    1.5197975243550834
    0.31521402084755334
    4.821589624531718
    2.415612126752393
    0.0
    0.5238814943048602
    1.8403875807859074
    2.8662588257409825
    0.5510742270690037
    2.9740389192888865
    2.664970665425836
    0.9731261256619117
    2.9830849997622177
    0.0
    1.2696401528129855
    1.4270769652237956
    0.0
    1.7193122593771881
    2.6392753912144427
    1.5837132413771209
    0.10626586089674576
    1.6179908922589556
    1.4332696347869116
    3.0353454099463004
    1.0086219941385415
    3.219865413188064
    0.1788042637599942
    2.8805326396728685
    4.354302915381237
    2.7997900061769907
    1.6506241421408
    0.38193918442467445
    0.8658507566820745
    0.9947171673155394
    3.389665596134782
    0.6976029667815915
    1.9641737967559918
    0.8713292541332277
    1.4580905785683833
    1.3857125825089385
    0.6743605530721584
    1.5204910517302788
    2.5890705207100977
    1.7715979287233288
    0.16889789329325863
    0.0
    0.8639991851468863
    0.0
    0.2578026128589286
    1.9721614271888328
    0.0
    0.3090275271452329
    3.9707521738212916
    0.0
    0.6852966427752326
    0.8540073247806684
    2.389344201249734
    1.8218207021554784
    0.0
    0.7393919589053067
    3.0059766073554464
    2.7333812001803492
    0.0
    4.614034918385293
    0.6112132286202644
    1.7474150837608697
    2.558590593277691
    1.0965114844931823
    1.4531192007211158
    1.6647864242896044
    1.2502542266474848
    1.7525434330796446
    4.388113996743537
    4.648720367796698
    3.115757001812982
    2.1967194660170546
    1.070545988652932
    2.7182903729892733
    1.5580890238473684
    0.12059956917920378
    0.24574951445078433
    2.5448879131787994
    0.7776885423588973
    0.5311214387531143
    0.6449706272813798
    1.1048012112358256
    1.2172455556441564
    3.5469353155918317
    0.0
    0.0
    4.29192663809779
    1.3918497071809048
    0.0
    3.3154894730556803
    0.9374928658604659
    1.4730611032888252
    0.21345383215228447
    0.7111628726537128
    1.9135029284698895
    3.545433023743327
    2.3778481114001244
    0.24608775587536266
    1.5468797899775621
    1.3645889678652041
    2.4368204898101267
    0.0
    1.3722863641385337
    1.2298917502222408
    3.22803450343008
    0.0
    0.0
    2.1875575682255706
    0.0
    4.516031692694233
    0.0
    2.069649071572188
    3.573857539118538
    0.0
    1.4197551918867857
    0.7845824952342344
    1.4164575792554295
    3.632041359104676
    0.08167111017598987
    0.9994190946980225
    2.311650791513297
    2.8150100670526816
    0.26631667322116676
    1.6616481782280486
    1.5051269756386263
    1.9480414651689428
    2.1021199292024337
    0.0
    3.0906778561158585
    2.7188060204435063
    1.5971888191696046
    1.3318799167732631
    1.802733575528308
    0.0
    0.0
    2.0163309864082017
    3.1620120099041054
    1.3025019639289448
    0.7206997256891293
    0.4151009376314848
    1.732822512527649
    0.0
    0.716866004275
    1.052630089963716
    1.9215847502986125
    3.5483987101000674
    1.517097842396662
    0.9151189994159215
    2.5135789855928867
    0.7551031154425619
    3.676304514663293
    3.528339547321736
    0.0
    1.4406630341999354
    3.4405331182272856
    1.7966300782472049
    0.8237478167221997
    0.26198381303962576
    0.7862562223783269
    1.5856562056436234
    2.1768612142665438
    1.3897475433827886
    1.785495552616225
    0.22139160285006407
    0.9716665080383915
    2.971238516670568
    0.8665108319961857
    1.2800799421561373
    0.9986683447159399
    2.044115777275359
    0.0
    0.9259190586488928
    0.5952679729046063
    2.6045165132051755
    0.0
    0.24190633635802847
    1.9558385171663986
    0.08403784059456688
    0.16463074836264008
    1.6489074089571347
    1.4272401981149927
    0.5477984014095724
    3.350706473913958
    2.025964559060556
    1.0976977805203434
    2.19583209048175
    3.089328491588223
    0.07748238015503076
    2.266399462813219
    0.9094964934293125
    5.370645252339342
    2.3054651564646114
    3.9943945453001675
    3.2029475201766298
    0.17942732935984654
    2.64349712356197
    1.7338370758145822
    2.4671440651352854
    0.0
    0.0
    3.4711755493597845
    0.5723593298380558
    0.17487989601941636
    1.9004368799853502
    4.13377630453753
    0.29546970616051027
    0.0
    1.8256526677684333
    0.0
    0.8271930243335588
    2.640385678482811
    3.1806726432052908
    2.644556847964424
    3.1898716902412967
    4.054218222100303
    2.038206166968046
    1.7001622490636796
    0.18327925313566806
    1.5464634021307297
    1.922523905655721
    0.9033853520481654
    2.9021627638416407
    1.6547887624727478
    4.0088589225074465
    1.2151335849175684
    1.5135018641727354
    2.068010670356834
    0.11508399889464752
    3.0240204072333396
    0.0
    0.02503544894202385
    2.264638075464696
    3.146070671955787
    1.2710819982700068
    0.24956405895914094
    3.40133675600628
    1.5019434349018514
    0.3980825818262512
    0.0
    0.09780163204416586
    0.6823106961445737
    3.7208706071607627
    0.0
    1.246347641405289
    0.22107614324200872
    1.1517133241219382
    3.478301981786153
    1.2504249976800819
    2.2849144454383032
    3.426042385924411
    1.9111979055570534
    1.7864402793271665
    2.954682582275069
    0.9844463213720103
    2.366552122780243
    2.4321875709341656
    0.0
    3.2630379706022423
    4.067016299540909
    1.6537038543264615
    0.0930800767097111
    0.7480069292390236
    0.41142352848727914
    0.5231975977742199
    0.025965454865528998
    1.7202193375549422
    0.9830899545138908
    0.9837153228318352
    3.1995125335144032
    1.3859001059527252
    0.643878875375349
    1.4500844681471206
    2.1131296786580425
    1.142766003165492
    0.30362858346490523
    2.868654142502472
    1.0457139434514267
    0.408458318440033
    1.2621304430216551
    2.6077796981617785
    1.6123463932152038
    3.1783881961311584
    0.0
    2.3093007774716283
    3.11563817284144
    3.5977794639252187
    3.132437059277896
    0.0
    0.0
    0.9203628414880329
    1.432693960481796
    1.2855166355828596
    1.9111845274407204
    0.9859521847942301
    2.5472016851152723
    1.1965673188373667
    3.0685066766069125
    3.0816069059522357
    2.156112772272033
    0.36215014474151663
    0.6651751663302266
    0.2668332471250738
    1.460475107304418
    0.039227669243512404
    0.0
    2.629483407713389
    0.6520547509332628
    3.2314234748231607
    0.0
    0.7509751917091991
    2.708709334921843
    2.3645724797707453
    0.34155330773176956
    1.7443451397150473
    0.0
    0.984386900159606
    2.9868954490795385
    0.008506025284516949
    2.7397560667135674
    0.3537780264484102
    1.255607654095666
    0.3862818486289604
    3.9520070461161763
    5.715538897911459
    2.05272825526434
    0.35520996749145256
    1.558518382969779
    1.424722918512668
    0.24866164414590677
    1.2606350351262179
    0.16203919522302337
    0.0
    1.6929436337101078
    0.6325333570111231
    2.3750022833687856
    1.5361714473178925
    2.586975805190412
    2.2738871093520667
    3.4258573934025938
    0.0
    1.5042086835710016
    0.9377631552985289
    1.2666279445122566
    3.584240770056374
    1.83056832801125
    1.305164520303246
    4.233805902581258
    0.22319372836669304
    2.768747709227047
    1.1515163261701
    0.19155482811171592
    3.8201529077857397
    2.9970661047155294
    1.4430164995062928
    1.6183497155847641
    1.8914243481260002
    2.5064036783468797
    2.877395984162688
    0.30957703122275654
    1.223680898705079
    2.2018311146989524
    0.0
    1.194673695417232
    1.6563913874887624
    0.9961580746923084
    0.7954263766198442
    3.4931666575789104
    0.9361594600737722
    1.0514675012363475
    1.667657322191595
    2.004990795647093
    0.9462712277189782
    0.0
    0.0
    0.20980493374514617
    1.9334456988652513
    0.38039870285979066
    0.821942944132193
    4.496165937079308
    3.9808488072971726
    0.3810542717586948
    3.7062826513043707
    1.6419467275311566
    0.0
    2.550731815023161
    2.3421328713087335
    1.852504179598439
    0.6034229608575279
    0.13790941853384356
    1.3846903364272245
    1.1970878612950313
    0.0
    3.774149132256118
    3.2783338464225014
    2.0864834771182528
    3.4342621661046597
    0.7468730516036836
    0.45361175631495027
    0.0
    3.183933005079627
    2.9286459794926967
    2.519596054753891
    1.0921999522292634
    1.7964417855793469
    2.273129637938313
    0.5024721408597089
    0.3287873094487642
    1.3402625161087984
    1.8824090385463104
    0.384016400933666
    1.2004450046348067
    0.2168324156257922
    0.10794697470660616
    2.529772812310885
    1.855548753918717
    2.6655276184233947
    0.5639769358743827
    3.7486691026039294
    1.3984464797722014
    0.04285124535511956
    0.6470359598744674
    1.5302563637660551
    0.5919706296346611
    0.036374070833019544
    0.12229335845918807
    1.4479159443347716
    0.6955400010634021
    0.25534326236413796
    3.5561347528689553
    2.001623873412384
    2.066939589601436
    2.751408332613759
    1.2298671923805504
    3.0056867926872624
    1.5013104465007037
    0.0
    3.255831504127851
    3.5489143364708213
    0.9603394245778522
    2.57469042434378
    0.9585557019771169
    1.3404210324075254
    1.4379589745581365
    2.7563611699824113
    1.9218908199610192
    2.1258748032188213
    0.5758703958527731
    1.8043016478003844
    0.9860800626585834
    0.04477204473431823
    4.461829102668539
    0.32590073260756497
    3.3755999840125726
    3.2539302548010927
    0.0
    0.0
    4.135750020725451
    0.9805964836586688
    1.659399527037632
    3.2472568815248155
    0.1776126395539017
    1.8864590899968139
    4.399249921336333
    4.300293701419446
    0.7133663749932787
    1.006302617532057
    2.070648225822801
    2.2525837639490645
    0.36995213789591136
    2.4974873195202907
    1.2845055404861005
    1.507133934140624
    0.29999937799299486
    0.47528660119847355
    0.0
    0.6406218822042845
    3.686298078801881
    0.0
    0.6937288906878665
    0.0
    3.5206745271766904
    0.35981770723055945
    0.40788589619981636
    1.1151055942874009
    1.8765642492268222
    0.35593876514447453
    1.6789031083783472
    0.657810560138935
    1.9130626821476426
    3.135175915126778
    0.0
    0.6939262719959808
    0.9903957186725947
    0.20996910237701372
    2.117499866446772
    1.3871027164579188
    0.0
    0.6212858993791067
    1.6293674810150514
    2.456776055833675
    2.1798329625620587
    0.9062836084044444
    1.7212249839979752
    2.604132120189016
    0.0
    4.894233929565687
    2.445509463971785
    1.900673108295002
    0.3745849229566894
    0.0
    0.0
    1.4218951004057827
    1.5582663809264643
    2.1589430543850385
    0.0
    1.4581780388583727
    0.8990230457232327
    0.4022251071457146
    2.698470431207424
    2.4600971351195673
    0.0
    0.7488791749215815
    0.3375916967276319
    0.9351051062017305
    0.0
    1.3959013827119167
    1.6128279312805955
    2.938525547961648
    1.057175685511169
    4.135777176411081
    2.5572359236173603
    2.5524625837964523
    3.7864749833658067
    4.272352801871492
    0.0
    0.5808260492729546
    1.5898925614933175
    0.36050133189997097
    1.1352710430063906
    1.5570351962366518
    2.7918928051605096
    0.22090211152159037
    1.3038734410095758
    2.679273578285107
    2.118193460207953
    1.6003238454698263
    1.156677356350007
    3.095845903715118
    1.3840237061775869
    0.21529081369749997
    0.7740343866504579
    1.362755622652787
    1.070521414805174
    2.529228407093477
    1.9094267231033928
    0.5066821025643502
    1.9668682008947975
    0.11132864415729511
    0.8519532352056306
    0.586039994472449
    0.0
    0.7569627888585548
    0.32109938712901936
    1.9015231678281843
    1.870953560416249
    1.8692436465556428
    1.5293895229002539
    3.0639520931296524
    0.07500804624174941
    0.0
    4.691002523451287
    0.9870532770152656
    3.5320587650733812
    0.6081983945481025
    1.0628492980758046
    0.47965526883792803
    1.3885376497668047
    0.0
    1.131020854493711
    0.3133388070255743
    1.99734059387343
    0.0
    0.3920258509990282
    1.2268885971249546
    0.9579728393065561
    0.3310627352843779
    0.6886842938724793
    2.1912822301532193
    3.163772301827737
    0.34669310991745894
    0.0
    1.8795672272448125
    1.0173493597025012
    1.0973511919796577
    0.3356742786508821
    0.5103878033619705
    2.843449692549742
    0.0
    3.1980101478352405
    2.614855712139683
    1.7951901989621084
    0.12004248346916199
    1.2531509769430265
    0.22365811611231684
    2.111732017049602
    2.4379047348694183
    0.7411097985513915
    1.80384721434844
    1.8605912181329816
    1.7530567247395596
    1.6228400580194668
    1.1797403457217217
    1.221511640605617
    0.3822694156698759
    1.0348763540917154
    0.0
    0.0
    2.091124155904761
    3.1838901689183365
    2.0218927047768513
    1.027006466923941
    0.464528702576944
    0.0
    0.5755164782196526
    2.148483397364187
    1.827055484602056
    0.8816152454920715
    0.4861770685236854
    0.7544833255475538
    3.293201344486455
    1.3496904911264769
    2.7612770425966096
    0.9357653373562956
    5.39604968174285
    0.0
    1.4057593704620772
    0.0
    0.0
    0.4483755820433069
    4.774021993520749
    0.6298787369100175
    0.4289297067243805
    3.5248504718488425
    1.260950815011026
    0.8550376953088845
    1.1882738663980148
    0.5561360458969994
    0.11653358263697047
    1.0446403909655828
    4.442004278460395
    0.20575337323107817
    0.621597070350039
    0.41406567238587066
    3.3061100966132613
    0.9811641949188933
    0.691835722545641
    0.40704981924949474
    0.0
    0.5065160624522935
    2.4821695987488774
    0.8064077488838786
    1.2593049249328467
    1.41825990322365
    3.67204081796854
    0.9302069374209198
    0.29170964664435756
    0.6663038894459632
    0.3008263341597612
    0.0
    1.4626507181164228
    0.0
    1.9784294744835338
    0.48785915693702314
    0.0
    1.3106375050951835
    4.558866576431597
    3.6754257586196153
    1.8187725413759983
    0.969924579042041
    4.737088666222037
    2.065111385030952
    1.1794116732105964
    3.4243493830250085
    1.4216687980154978
    1.5276984136523364
    2.978133466122707
    3.1098765224193734
    0.0
    1.1697965464489335
    0.0
    1.438891946940519
    1.8545021062840066
    1.4478622291586978
    0.0
    0.8243162200771105
    1.721216896770579
    3.528501031197069
    0.8778009541254546
    1.2460095298392202
    2.0905143019986787
    2.1635149826732682
    3.3206311045216417
    1.3151702795348972
    1.5236527852828101
    3.118959597186009
    3.5324158111619206
    1.612486831326183
    0.26990303940466764
    3.427702191278452
    0.5611649382622552
    0.9567554200143126
    2.9702021880517293
    0.6380677554501163
    4.637437706710035
    0.8822229688972114
    1.7461375210393661
    0.42302657646436836
    1.178562425637588
    2.5605698114969675
    0.708834119912442
    0.5598085400449145
    1.794771024633588
    2.501951084419644
    0.0
    1.203062956512487
    0.0
    2.4966346337050287
    0.8156870746593214
    0.5105069402206658
    0.8248899973719758
    0.05302729717942179
    0.5086994209654625
    1.3894082039253435
    0.7153815080591808
    0.38075168273303606
    1.2964876129176197
    0.9366562223676032
    0.22922470311419535
    0.4230250941624179
    1.8473888985892941
    0.0
    2.9813187143093507
    0.0
    2.155044286089166
    0.5933468163609363
    2.502773175900675
    0.3671875225122507
    0.33004424545430155
    0.5063799283830686
    0.22604425954052318
    1.427063457920776
    1.6376116489738948
    1.2952375766597495
    2.307010070820801
    1.6047879361828585
    2.0951060961574983
    0.2832244183560071
    4.3393568510709954
    0.15510014546051043
    0.0
    0.5018319767956317
    0.9288363337182177
    2.4884980718177485
    3.38346745637167
    1.0658778133056277
    2.306617259369993
    2.694713497988146
    3.1751371491644553
    2.3573416126503988
    0.9547750062258383
    1.69439863276514
    1.4662383524553775
    0.0
    2.417195624830531
    2.508850958808094
    4.058047048168532
    0.21165169920911978
    2.1565151179974404
    2.4521226833557845
    2.335699759413028
    3.500873171887004
    2.9646001700480378
    0.0
    1.7604902665418218
    1.8143481260614045
    0.401061621334716
    1.338338714569914
    0.0
    1.0799362167526525
    1.537198864539266
    0.0
    4.725965270823409
    2.6205365608787194
    0.34207243298466056
    0.0
    1.8304647208831695
    0.0
    0.23489108749649656
    0.0
    0.5879569201165703
    0.0
    1.364326742756112
    2.007134533499713
    0.4933780854236229
    3.850720207417499
    2.3616439072314046
    1.8623614455767383
    4.3527310929460885
    0.0
    2.139004142831182
    0.6582481300841697
    3.040424513260369
    2.3455275006535157
    1.0006706053584666
    0.5447104187813917
    0.17436998613606214
    0.23133728601454065
    0.0
    2.625266893805212
    3.2229908852145446
    2.417563278802559
    2.1540967620338924
    0.0
    0.7157379548465399
    1.5244780704242211
    3.3001880274372986
    0.0
    3.807761701559467
    2.3501884657595764
    2.068649211865805
    1.6681549206038673
    0.9786193393660162
    1.1867334425413134
    2.5763978803045844
    1.7265935259157967
    0.04565889268343042
    0.7754603282413939
    1.1957460763003056
    1.7609725241873686
    0.02280974946704735
    5.2174301160129515
    2.7700318123754544
    0.09926969989753369
    0.3350373483503234
    2.8303235302239687
    0.1703519670519067
    1.7750513262528225
    1.0858666896167541
    2.288415934947693
    3.556990893422033
    0.0
    4.689962341299829
    1.2847156998657265
    0.1214304439546338
    0.5507826251867264
    2.322286369333001
    0.7921884528693658
    1.6060984745271387
    1.6805382058593128
    0.36425402304687016
    0.0
    1.4237595239758798
    1.60967865545081
    3.0020485640268397
    1.731335029203426
    0.40958977798496643
    3.4134889898642453
    3.5240235602275267
    0.0
    0.0
    0.4048631840712112
    0.857010849839776
    1.5078732305255882
    1.1894686126112122
    0.8861306843979063
    0.29656902646912614
    0.6740641793489218
    3.6089355191936168
    3.3205157062043167
    2.145738602532011
    0.0
    1.4682624716041646
    0.0
    0.0
    0.0
    0.0
    0.8500769492761243
    3.160848412525834
    1.443807703874062
    1.9524404524599486
    2.758720708846326
    1.9724950626004212
    0.7709006937752816
    1.8916451625844501
    0.4187985318146529
    3.3249612857655717
    3.125039623034517
    2.255829410418969
    0.8513973141307104
    1.3423884716038244
    2.8295961918805395
    2.77768078801864
    2.272009186386292
    0.0
    3.5389769201329058
    4.968826547429231
    0.08089192075062537
    0.7463423726083169
    2.6558480769176507
    3.2309211826738675
    0.09162342867164149
    1.9769606555754062
    2.92254760719611
    2.1064218700201205
    2.2491807468188907
    0.0
    0.6858759690315838
    1.5302832976981133
    2.3121572546117934
    1.3215902782733717
    0.9568916396612586
    0.0
    1.2445070905719438
    0.6830113385124219
    2.241851999182271
    1.6969413249769185
    1.4846376688633736
    0.00940777583825469
    0.0
    1.1589089761580706
    2.881975026139292
    0.0
    2.4462505517487263
    2.9064942085332093
    3.239819643133037
    1.5461406316314033
    2.603574997291084
    0.07993394583489725
    1.1949732793150152
    1.6596160546126637
    3.0656971714067125
    1.8561759476448645
    0.4736123565879307
    2.596992852820402
    0.43901355125281954
    0.4677177178753662
    0.9363254590235897
    0.17534348973267597
    0.0
    1.1895443985535181
    0.1073535976851318
    2.057783339936677
    2.5765171753344416
    2.0156853553160703
    1.7077255152742574
    2.3196852919889395
    1.6860386100415055
    1.2914873822520772
    1.1739756050942436
    1.4674407053279528
    0.0
    1.470607415435515
    0.0
    1.069028602077356
    0.0
    1.3381175540789034
    0.44447496010956933
    2.8039117287376603
    1.3929068099095285
    2.335753228508089
    4.2061640320447236
    3.1848512966677918
    0.28265835927365296
    1.264183153958485
    0.825236490442918
    1.1016598316048472
    0.0
    3.177026986088293
    1.3688787201583452
    1.0123007515606417
    1.0166111092927266
    0.2206758629389488
    4.666336740881528
    2.4523589106444574
    2.064302391446171
    0.3913910654546566
    2.85117821055375
    3.5572839901991955
    3.2200665914097706
    2.378229496344668
    1.8823630268708949
    3.1019169576077124
    0.7991897710200891
    0.9337683425123335
    2.3094960142588556
    0.44896732561373
    0.0
    0.0
    0.0
    1.5449875287861183
    2.8324782851790617
    0.0
    1.9077063984812295
    2.3068285266089337
    2.2427351959387964
    4.047952765520066
    0.0
    1.3498779940582184
    1.5702062091370583
    0.21118445151181572
    5.439188602914268
    2.936765383030505
    2.4864983640486993
    3.6426637339357955
    0.8382518500918071
    0.0
    0.8881942354723403
    0.0
    0.0
    0.10537528499745201
    2.6014300332462468
    0.0
    0.35255220855334735
    1.6072175225940888
    3.5391460163772575
    1.3724339154001213
    0.1366710742999231
    0.0
    2.6081990285306964
    0.003011806205488316
    3.017429064587101
    1.0685299966955002
    1.369907509807031
    2.6686475671243697
    0.9232706011967031
    0.0
    0.0
    0.0
    0.7077556265794266
    2.5491423899280723
    0.9206644824683744
    2.40226927391247
    2.0416001123722287
    2.389529766802194
    3.374742198935333
    0.7023303499647426
    1.5636472948228715
    1.5334880745907373
    0.6603398479163405
    2.2479598567616095
    0.1873398489325475
    1.1943292236977208
    1.5987492942637964
    0.7982286140198688
    3.2219276956216545
    1.5868935340194108
    0.850398474331587
    3.665347165348081
    0.866299222990273
    0.0
    0.5647336565196907
    2.6538006112261985
    3.6184391211164484
    4.406373939330903
    0.0
    2.782850653290604
    1.7133553101654728
    0.8406554566662061
    0.12753166813291647
    1.251351892161815
    0.0
    2.824754326459471
    1.600130160396659
    2.5101121582610033
    0.7417590141656618
    3.7276218066528717
    1.8806018168200762
    4.753525988378906
    1.283065830220227
    1.9162378849677595
    1.5095554765425714
    0.9457526345291156
    1.915809115628499
    2.795640473206108
    0.9940377065027839
    1.2038268857547025
    0.9151418077372976
    0.0
    2.362734320274251
    0.08175388443852132
    2.2846219504440937
    2.14099977161254
    3.9599852259104247
    0.0
    2.114730322740237
    1.427828397014988
    2.5984384040497632
    1.694915085477593
    1.8245323285032142
    0.0
    0.05388176497450825
    1.4248776570166397
    3.10233591098231
    1.7330427211573902
    0.0035726468756552975
    3.558597800769493
    2.5417016845378515
    0.9286409849050532
    0.28733115024719613
    0.08638250233554673
    0.23586706355253978
    0.1408034017661855
    3.2688946944568333
    0.08032295674449168
    3.279268561518955
    2.2768306896042647
    0.0
    2.0038715014474806
    1.869663505336804
    0.009495226962946177
    3.3613425884043515
    1.579410872947553
    2.1842990318531585
    6.119508537744815
    0.9873689612052116
    1.163255745332612
    2.867762628109032
    1.9420581439100775
    0.8724269797082118
    0.0
    2.6594657085374496
    3.7883593122086996
    3.693946432551922
    1.3999552148718322
    0.0
    0.6105681488457638
    1.612455932719493
    0.0
    2.7657233120032565
    1.8881680251032493
    1.5036900266473152
    0.0
    0.0
    1.3298014416721724
    1.9423904965308174
    2.559056238615213
    0.36554708838116046
    3.852959117823178
    2.2042138010733163
    0.0
    0.0
    0.6586025915742144
    0.0
    4.086423284273508
    0.07062606380293812
    0.7956979396456002
    0.3732866583515561
    1.3385408025722076
    0.0
    0.5076247533839966
    0.0
    1.5539336289621013
    0.8609203973096039
    0.059100080588911585
    1.5704339658237374
    3.5117972735230776
    0.9955644016370628
    1.655739105263024
    1.4292211723456447
    3.7317210825195493
    2.22293447481158
    2.314316155343626
    1.3452090419578346
    1.1865276586601783
    1.8017932599354156
    0.0
    1.3855795577785972
    0.6343517978577905
    0.6300654986588158
    2.766487075759943
    3.435706652569687
    0.18081483632882578
    3.6061616769558302
    2.5806517205960184
    0.599834157266659
    2.179968549966381
    4.5277439627569755
    0.12037842075906009
    2.1583386990631306
    2.9581923286586314
    1.8857508777145884
    0.7190467631050977
    1.7482464486501719
    0.3825032166320436
    0.6246521132323546
    0.059770281812447396
    0.3399894874074814
    1.813666995345665
    0.7140098883611613
    1.5121413320782704
    0.03499971787705707
    0.0
    0.0
    2.8510840135804036
    0.8297362679417527
    2.1154972243707135
    1.829407728694387
    0.0
    0.0
    2.1110680199979357
    0.6745562766588332
    1.6266781706301001
    1.4571291994900772
    4.388980271571737
    1.694068794002916
    1.5069128711100128
    0.0
    0.20334148043522607
    0.5215736518204435
    3.5534929143383795
    0.8900065784066267
    0.0
    0.7703116867644151
    1.139127550635336
    2.518985616458693
    0.9292755581276444
    0.0
    3.846930187022153
    2.2912312415756166
    1.1705259475956185
    3.0302581847467702
    1.0517337903918609
    0.892293562247724
    2.203905002752923
    1.9489709356394969
    2.5020644120779076
    0.0
    3.714418089428251
    0.03997933035843197
    3.167838610150032
    1.4587709652184802
    0.0
    0.0
    0.8158900807050172
    0.38478643666124246
    2.480513301150477
    0.0
    1.9097512874940963
    1.7904012152135054
    3.008364103397214
    3.7202128736730566
    4.1332499605883735
    0.0
    0.0
    2.249138247502848
    0.08480785720359056
    0.27422756350484667
    3.6173087392241894
    3.772246328130729
    1.1758560448975566
    1.9775298394733183
    0.8774862772619865
    0.0
    0.0
    4.305999156521103
    4.679081858207715
    0.9071830986427322
    2.364478848856773
    4.256519285376024
    2.9638368410905915
    0.0
    1.3932344688144487
    0.6052188038286205
    2.3707901107354106
    1.5270797501980116
    2.406104674661229
    2.8728026792730517
    3.001388119830669
    1.868708933250186
    2.7119437765561187
    3.9070981018743596
    0.8251766340588944
    0.6899885417305498
    2.458701681391304
    0.09269871574930752
    0.0
    0.0
    2.4810953454119096
    0.876888511768002
    1.9016992877302084
    0.43453475462591407
    2.564884099179415
    2.55480097492053
    0.5906459846971753
    1.917659908974486
    1.8616410709790334
    4.483313606337528
    2.3909116189982766
    1.4901526942208976
    3.7864009871866555
    2.003066003136647
    0.2743015364113069
    1.0562702418059864
    1.9024246093256927
    2.455672051539309
    0.147372170509866
    1.2016859380564529
    2.0685281919845244
    0.5429001968343498
    1.3767571645525194
    2.8769891208531693
    2.35469501214522
    0.0
    2.559938175548607
    0.7627178395091084
    0.4960846110033891
    1.809460980302503
    2.515616911986348
    0.5467506050266485
    0.22728135442487624
    2.3079197861974854
    1.616495767643329
    0.8143458106999538
    0.3637741299664652
    0.3152310055187747
    4.180680659847471
    0.9431865007984983
    2.2357959718937894
    1.2239297671614937
    5.075983957885077
    2.366860947406587
    2.080075940956523
    1.0259759417226044
    3.4441889082519266
    1.8381733471973032
    1.1359340266223266
    2.2866271664728557
    1.7699711523673887
    0.9157139379179107
    0.6523851765714094
    1.028618000043978
    0.0
    0.9442398198404124
    4.324544016047349
    2.9949433367811507
    3.51831503772151
    0.0
    2.7753730461188857
    2.6638517420134487
    0.0
    3.059182564559348
    0.25242452277052874
    3.2851398639370752
    0.9283128297289455
    2.40178489531717
    1.6250277958138588
    0.7596188389676607
    1.9558921661270265
    0.0
    1.7570768402504593
    3.119082549153191
    1.482551769692019
    0.0
    1.3321884654539875
    2.3426275697965644
    0.994725435326531
    0.07293798670220651
    1.7641820939374167
    0.7538417577629256
    4.114890677560042
    1.8360666888222916
    1.3734874110173982
    2.3307559953469337
    1.0163046042503907
    1.1196231954846723
    0.3693038602482165
    0.45223154580756497
    0.6912564601129789
    0.40045766671712624
    0.26588173314900504
    1.0404597473005406
    2.7359636641154403
    0.9190345206971494
    0.0
    4.88621027121738
    3.0492738038179494
    0.027020685137779193
    1.4097737859187747
    0.7579868794935947
    0.4176489280694762
    0.545934866841509
    1.5947562476936306
    0.0
    2.459062096124856
    0.5736125946112738
    0.0
    1.1554986120163768
    1.701309986086307
    0.0
    1.0392091716352982
    1.2537820352252194
    1.5869459532551298
    0.0
    2.8392766856605207
    0.0
    1.7121613223925107
    1.4290782996404672
    2.069291304621393
    0.8225078668338817
    0.6797639384193843
    2.107897694678955
    0.3819846073416001
    0.0
    2.794719697895476
    1.751710526780498
    1.0026813663530414
    0.6622382027082334
    0.8265928286757113
    2.581662043122955
    0.3152155391707857
    1.8939641738234505
    1.2969170988512824
    0.8338319567593476
    2.6746969113159342
    3.0349836818193587
    3.553632276909448
    0.7348074843496689
    2.4321139211708425
    2.2522667836497243
    2.2545823077055727
    1.9015333595957224
    1.6545889485418375
    0.0
    3.0592742244177398
    1.3181608775743323
    0.2560964077976084
    0.0
    0.2997507683671172
    0.035153195269690664
    0.1512995554333975
    0.0
    1.4618366323122483
    2.3399108260575834
    0.33297342276567254
    3.054757427689505
    3.26850345995517
    0.025932472997503744
    3.1529128694416464
    1.2781582159940257
    0.5766381800433885
    0.9237460344351053
    1.5075471861560523
    1.7454664973319918
    3.6175652183334064
    0.7227093387768626
    2.2729898787290996
    2.006876667214718
    1.7146937903292525
    1.9827929647631772
    0.7229215357894071
    1.308656184668737
    0.41247629499997257
    3.552228875574117
    1.4888188688089348
    3.5331090057050982
    0.6866345236192994
    1.2625615397594983
    1.772409226682342
    3.419987428469591
    3.087044066698033
    1.2728767984571143
    1.384981381661369
    1.5323153537486363
    3.114712677933149
    1.4580186628394431
    0.748035227837466
    1.6564016236173356
    1.7162863147806404
    1.0900283868899436
    0.8781226679300427
    3.467759939381554
    0.0
    4.082806606004023
    3.6621391253937463
    2.5854072290332466
    4.466034794589271
    1.1968660608178676
    4.211722144835051
    1.2825159408244033
    2.51836638271629
    3.6154542906334464
    1.9727696618355386
    0.4903985863243464
    0.0
    1.8258241639256205
    3.6324472372508767
    0.18041511255886042
    2.1257857043499815
    0.0928619230091773
    0.5145658772077163
    0.13758274992187114
    0.0
    0.0
    1.7996103164936654
    0.38451479900822844
    1.2909690594281946
    4.237782730110177
    3.2705278165161937
    0.9960827696923351
    2.106746187701864
    0.39209692611575475
    1.3355328638118067
    4.836782520749877
    0.0
    2.637412246430603
    0.6626017809996456
    4.129496227288864
    0.0
    0.5368270068241843
    2.9830522178578085
    1.111590951227932
    1.0926788604862696
    0.0
    0.0
    1.7560961927316423
    3.3201698381731335
    1.116340356681837
    0.5589355172620079
    3.5422696137935845
    0.5108510658915444
    0.0
    1.9796077717591603
    0.4725304750798886
    1.4626926656395949
    1.3372168251915266
    0.9878179179309805
    6.274018085745549
    1.5591266133337258
    4.014213280957653
    1.2454937339595695
    0.8965625253744677
    0.4953449884425139
    1.2392990777275577
    0.7430381698399815
    0.9113114985265732
    0.0
    0.3367368334411582
    0.7498165925928362
    0.0
    0.7176779377457596
    0.0
    2.559793670056722
    1.1301870983796534
    2.042963022877629
    1.437805541390099
    2.0442070420580216
    2.7954199943062314
    2.602981756882477
    1.7347384398892751
    0.0
    4.2182281315887025
    0.3499142218972906
    0.8547633768206293
    0.0
    1.7659273889777516
    0.0
    0.19245370817116333
    2.9486645266352314
    0.8551774553485701
    1.44072216770234
    3.553311302170163
    1.5309326650111912
    0.5076290939670723
    3.5073500421320647
    1.0004498722018824
    1.8175036148880719
    1.2793317788213168
    2.2873827061640433
    1.280047045021766
    1.646839001474977
    2.723521141778457
    1.1462206600205984
    0.2459633212790894
    0.0
    1.3399539621750587
    1.163645935722439
    2.204297917925867
    4.249660789701356
    1.6155104732387477
    1.5815086449887907
    0.0915681322459218
    0.21610249354829922
    3.16926868897641
    5.64130627299137
    1.3768475746829145
    0.38842418551083224
    0.3168347431163313
    0.0
    1.8149772952081074
    0.9475379894582702
    2.688717246279283
    0.756798392380866
    0.883503222788705
    1.233401994721677
    1.779382843842029
    1.5404521637401793
    0.4381174013066318
    1.7680729071070103
    2.7599490176277524
    0.0
    2.950465119678145
    1.0685951521505967
    2.9102136971507155
    2.1017343215054947
    0.0
    0.6998619846213603
    1.2643010722818449
    2.787035533916644
    0.7399861143317162
    0.27285948016474243
    0.8525410480088027
    1.0620890349803112
    0.5368449487028424
    0.0
    0.7720029264147625
    1.0976529485428652
    2.4099093593325924
    0.0
    0.0
    0.0
    1.2058648885157146
    0.2828450287690898
    0.4454571817748058
    1.614568857301587
    2.586033187224507
    2.524926967166604
    1.3188572592045915
    0.0
    1.7356089012675404
    0.566576240146626
    2.825563056998256
    0.7835801788761384
    2.5787576784193624
    0.4007790098898257
    3.383925066317858
    0.21447695364388855
    2.999321967511848
    1.2211904993188423
    2.4823251057418556
    1.450456042053502
    3.4638812006024198
    3.260379464642914
    2.7019877015749407
    2.0494379947922834
    2.1059842701125073
    0.0651113596695171
    1.7135733716338795
    0.2053283057369319
    3.476076882943171
    2.548564391788212
    1.6774381673343166
    2.5791814343258403
    0.0
    2.0004854083187187
    3.832839774943934
    2.3814906216670853
    2.8080518673841537
    2.6778904158944026
    4.78336420124835
    2.744212506562541
    0.0
    1.0258861585603798
    1.033424606224197
    0.59584397646388
    1.9905604695822352
    2.8592621619506957
    1.7991243778216723
    2.0548930355119754
    1.1141542538021036
    0.6875519992076622
    3.431482934959149
    0.1671213207789566
    2.552292120631389
    0.0
    1.5234106996304344
    3.4483660667598635
    1.9037935639182113
    1.4581249639395693
    0.9392542942086923
    1.8171259985663526
    3.2917030968194347
    2.3704019287219253
    2.9017623910124617
    2.366712807689934
    1.1614799256867347
    0.30658889032706177
    1.0025219804015368
    2.148648602207134
    0.0
    3.5732385077623348
    1.769990807230791
    2.7613150255133165
    1.8600880945403166
    0.0
    1.1087950310847132
    0.9448352246826397
    0.25888628006903874
    1.0634877042986142
    3.4384449378613513
    0.7765446777548359
    0.0
    1.68032180456619
    0.15011403624793979
    1.3010516163688959
    0.5107537827639661
    3.7491416287137707
    3.8298615446282156
    2.0497742583991934
    0.0
    2.7764954818985763
    0.6149851949717456
    0.2876464400250456
    1.5774798370602512
    0.21807274237346597
    1.2657403422925306
    1.8789783692716127
    0.37461370614894973
    4.704261996677469
    0.49422850340739566
    0.36505247178081773
    2.1437014278111883
    2.007909347392002
    0.5073846679947633
    1.8135314144077244
    0.6906002192537241
    2.9061902054859465
    2.4376762413755384
    0.7815084705055277
    0.0
    1.6715887755273213
    3.9260018210359546
    2.8860967188761824
    1.1858604280814962
    1.0778752178567477
    2.596297246402588
    2.327230461441737
    2.4057180823295106
    1.165070463294878
    1.97021232035619
    0.25528646632127033
    0.48116140271191893
    0.7323719723878201
    0.3749940842746901
    3.1400385612305466
    3.786035791394286
    3.489876340312452
    1.3615311890868478
    0.9331881847643678
    2.2568165922715773
    1.517842042502039
    0.0
    2.9553811186180523
    1.0814426615543056
    0.25267423993421245
    0.7705096247977773
    2.498414249069511
    1.4519510513581078
    1.3849692317971622
    2.377552614932331
    1.4071623799975361
    0.8174899538921532
    1.8548413510250388
    0.4475418828920268
    2.190981396594955
    0.15507983237833642
    3.30637690234843
    0.5021403583368572
    0.32556121834308904
    0.0
    0.0
    1.67830328308614
    2.0372788819673406
    0.160685027760766
    1.4395226838166086
    3.19036060452727
    1.8727309649815893
    0.0
    1.6948400013680993
    0.803863117379007
    2.0147160527173424
    0.0
    0.0
    2.5816267812058022
    0.4535498396015022
    0.8356103070113313
    2.110483327251646
    1.9581754012735426
    1.4272250189349567
    0.0
    2.0653613720269135
    1.9435307046975956
    2.8032106062373434
    1.655944679054718
    0.0
    1.3488604130442308
    1.9166959160524142
    0.5674552234641249
    1.1899599087584103
    1.0646850527264993
    0.9339708485564139
    1.4112553327513238
    0.6003720322658802
    2.415736456883925
    0.0
    0.9949400174427798
    1.3303963377618375
    0.8643553213626205
    0.0
    0.8521250128683842
    2.3260230841814655
    0.3755649750915533
    3.971703041486274
    1.327564304567122
    2.109474267372112
    3.3557576633869006
    1.412762078027626
    4.098995933940652
    0.9067525079971352
    1.1428390825219832
    1.7649024805845035
    2.3124269813698257
    0.4557554687690064
    0.4675094102767601
    2.1271524715635475
    1.4645210838021754
    0.8376682319731722
    0.6997035064780083
    0.5468257692150708
    2.443747020030202
    0.7341113681126966
    0.05270068706721832
    1.3828562048850186
    2.399269975961899
    1.251308150026796
    0.2001167523803282
    2.3407609252056414
    2.572318897904694
    2.8600830486021964
    3.1756328181327196
    4.88099094244243
    0.0
    0.0
    0.1664171355133109
    0.40337063066600287
    0.37423492550541976
    0.0
    0.42749213841273254
    0.2715546006098068
    0.5463342996067482
    3.227549586562041
    2.210704774042861
    3.664967157710102
    0.29672554927238043
    2.887208185862858
    3.462036580419112
    1.2831545779994935
    1.5468963957220971
    0.2693221840323426
    1.3934144706219842
    2.1477427740071766
    0.5636437683499516
    3.6933969542817087
    0.0
    0.0
    7.211319063516534
    0.8271450859390432
    1.209949806451377
    0.0881821165677781
    3.814305846911714
    0.7998661790677142
    1.217608947666787
    1.8127016629023527
    4.096310140867231
    1.4328127206772245
    1.405791159299298
    1.2351828827583236
    0.0
    0.6952170679850337
    0.873366337774424
    7.413721946144252
    0.5091651741024731
    2.9311083153376556
    0.0
    1.0636778333971642
    1.8848294492320894
    0.8474811933314184
    0.5922275977449079
    2.8686853160737185
    0.6999289093217451
    1.8369512559675572
    1.706710066600388
    0.8297162918393498
    0.8823886618104743
    1.1948529496387328
    2.0477908634166067
    1.1430469369051899
    0.7528708085119766
    2.0534542378693104
    0.0
    0.928593273253397
    0.0
    0.36802498436960496
    0.0
    0.7895299704646809
    1.5544281731393919
    0.0
    1.4915277089475607
    1.4285972837317664
    0.8615301659264614
    2.1130267406940932
    1.6384045981591622
    2.0983166838261758
    1.7319651262686222
    0.5086359374517918
    1.8279316230579494
    1.8646489234251176
    2.915280125297456
    5.102405069925142
    0.8878638615797539
    0.8953608842203266
    1.6564298065496483
    1.3842648266951076
    1.0535553490056495
    1.8568042628759587
    0.0
    3.0987556967332726
    2.2702691454983954
    3.314358387819385
    4.240402373194091
    1.0059071496870866
    0.4166390573705623
    2.1777705332861483
    1.8229973268025124
    0.34928036146693
    0.06500800708296682
    0.0
    1.1610093354744637
    1.5819471771613909
    1.238670383866822
    1.4707433878102931
    0.8805825247627002
    2.8507702665574617
    2.154758519738156
    0.9447967022556651
    0.63305801122138
    0.7363777968152001
    0.7622958476520313
    1.9194974150445292
    1.4804629709996788
    2.284429714393261
    0.27993098680905265
    0.7553023274429673
    2.0868996438918503
    0.4493465464995754
    0.0
    0.8254389972352537
    0.4255911650417191
    2.0221816212037376
    1.7546640777138334
    1.1891077801961552
    0.29498484859613217
    1.4649539674148777
    0.0
    1.2581431201559632
    2.5917722918128403
    2.6839844307084135
    0.8388021437379253
    0.8990063883936424
    1.892084781748902
    0.7726798067605845
    1.6079925911005495
    0.0
    0.9311330784102906
    4.015573547896558
    2.331427125865084
    0.9657215504935334
    2.0254282409561135
    3.1940676144359186
    3.390742034799439
    0.0
    1.510816643899681
    2.140015545918166
    0.5642945238062536
    1.6822844592364783
    2.7544327939813575
    1.1256803614037145
    1.3871930048110195
    0.6969266869485267
    1.8166317906966285
    2.6094487355349587
    0.16899773561586573
    2.8239670466907922
    1.7564859149765946
    0.0
    1.8369512802085552
    2.517364176517529
    1.5506877352127675
    2.562560780041767
    1.2544519180450389
    4.445045647226697
    0.9400806934067413
    2.129746944625376
    1.0896009774055506
    0.8656238735007723
    3.567309126133312
    0.5853203014994051
    0.0
    0.0
    2.083255578667309
    0.0
    0.0
    0.2823809111588955
    1.2250470620712448
    1.0633556899242622
    0.0
    0.0
    1.0316178538820409
    2.2820004076539204
    1.4457200608452319
    1.459433469727386
    0.0
    0.11104910038110552
    0.0
    0.0
    3.3487228205285273
    1.445704778569639
    0.3168903880827571
    0.8617228897121931
    2.516187924285776
    3.6123358178161222
    2.647512283059583
    0.08430479347672894
    1.6702301236354258
    0.9388161405353879
    0.042786514817628074
    1.0025384505858574
    2.9515861177328295
    1.0355063219151086
    0.9542568673896175
    1.9399733923012819
    4.5918825168151844
    1.9541718627518645
    1.7359784990789564
    2.239518915980903
    3.1395081760462054
    0.7379210727228517
    2.006643983829745
    2.7616050784623236
    0.67953476100842
    1.6386147856347208
    0.6336490621675083
    0.7377886215102777
    1.172481235276912
    1.560999791884649
    3.096245203164788
    0.9440455481635376
    1.0894482567360855
    0.479227686917884
    3.751222370791591
    1.6852009567476929
    0.13338589041450258
    1.2905073039648882
    0.0
    0.0
    1.626291700440563
    2.0637754072972476
    0.5048266695269376
    0.0
    0.417403505817716
    0.8434216800437746
    2.1878010340018554
    4.393948014376031
    1.427603036473269
    0.0
    2.102744173640825
    0.9689586102431775
    1.254062281720216
    0.5882524663609556
    3.0181845509566063
    0.6939975845619456
    0.8552736899064436
    0.33851787091142527
    0.5019004347690603
    1.573643288461553
    1.6384763315336106
    0.7122695089763181
    0.5501949239668071
    1.3266394823854655
    0.5872567384442318
    3.9064477673817066
    0.0
    0.8858145437399709
    0.0
    1.419685713558506
    1.2500736776981203
    1.4231989316973137
    2.8576734828427095
    3.2073374271953594
    0.6360559428102268
    0.30177348612297905
    2.401303075975521
    0.30244567388760624
    0.1896645981658146
    0.841582724061393
    1.8945137457288455
    0.0
    0.6841992824843528
    2.838599781228558
    0.9922660143308081
    1.127399414721569
    3.9543045418094005
    0.0
    1.8378891235341657
    2.0282673371484927
    4.014054462252355
    0.38510465456028736
    2.4957705952858658
    0.5892339980330898
    0.0
    0.0
    0.0
    1.7343617180351392
    0.026385300106007356
    4.927853369595337
    0.0
    2.721548397211202
    0.0
    1.2103113973811555
    1.0231743469610814
    0.6908384175146336
    1.3167586648545793
    2.9558757618042084
    1.0472100250111254
    0.23543856532913476
    3.855953919192427
    2.5205468938596125
    1.6030293320263742
    0.3259464232827965
    0.6244326874043066
    1.7762819292991576
    0.7076677452194778
    2.5691946476068694
    4.3131640720939695
    0.0
    0.4985047682331554
    0.0
    1.712752579862138
    1.3672259508076723
    1.1852270816719974
    1.998603296544134
    1.7112367206979524
    1.0348195871474166
    2.709448199776942
    1.3874087677699503
    3.11611046218752
    3.26966004093834
    2.845043318635036
    1.4194828390434533
    1.1728807978315523
    0.13455334190973858
    1.7399048855954573
    1.3414200044184714
    1.2657298164053365
    0.7757237494357418
    2.13768529689093
    0.5210871195533227
    0.5009524609046392
    2.7711948450998625
    0.2821327725065313
    0.09409816780137588
    0.47314556267754365
    0.8353152555643242
    0.865825363082075
    0.18909187566025482
    2.35615480864911
    1.7425771688744693
    0.0
    0.13510894718800537
    3.2361545432853154
    1.9635845658321083
    2.3460003443136315
    0.0
    0.0
    2.7613390026604816
    0.0
    2.837439006595912
    2.4656880445236986
    1.2708203388396995
    2.1066494452219615
    5.70535824449066
    0.30290552605172094
    0.8877060517448289
    1.5948998759649073
    1.5373038272805621
    2.3005294635577336
    2.5601362303995288
    0.784412168439356
    0.30988208318787397
    0.14408882463142098
    3.117229731774844
    2.9842916318911556
    0.9618516475801464
    2.212804196876844
    0.0
    3.3368014867538243
    0.0
    1.284831317853183
    0.18478170831843402
    6.1166348279335745
    1.0633358124335992
    1.819048838308097
    1.1650146955896779
    0.0
    0.8263171383321863
    0.5484269400627444
    3.3565875935869047
    0.0
    1.4928666742009278
    3.702534661884889
    4.0637822362022105
    1.6034022221987259
    2.1579548434933735
    1.8237278566375013
    1.3610730744696953
    1.9663176052342424
    0.0
    0.7824423726622658
    0.5247804612560456
    2.026422783771929
    1.8526085969344965
    3.4371147148318886
    1.049924963858535
    0.7359953072626899
    0.8912023213871784
    0.31998739170291124
    1.1808625424742538
    1.1497304444873977
    0.0
    1.9484532053840493
    2.1720894802069832
    1.4622462663531206
    3.7164393386682657
    1.8436399984392626
    0.8329646121121259
    0.3221382292351132
    1.511252493983638
    0.8312992364367112
    3.7339895078278866
    1.2709137397460561
    0.0
    0.04598765909905589
    3.575082841160195
    3.1506116116348677
    0.0
    2.257509477598203
    3.354349143130783
    1.2595438300557278
    1.7453040778212918
    0.0
    0.0
    1.754456472291151
    1.9320216098606047
    3.3131795863911147
    0.14343830141541697
    1.7906401157794498
    1.7183243572475464
    0.0
    0.9488133102112255
    5.985905686863139
    1.4326877989834181
    0.0
    0.47732314360625744
    1.1146513426957176
    0.06313125548257392
    2.849402105844244
    1.0909225829189761
    0.5086801872093217
    1.0790506509728603
    0.3381137320993664
    3.8026984975348763
    1.5301846727982356
    0.0
    1.170498634397155
    2.39685279315237
    3.3521703625855634
    1.1208997165992667
    0.7174445990680035
    0.7768577877626544
    4.712426019874652
    1.679070679050189
    2.313601189070011
    1.2274300380702157
    5.222176531812465
    0.8870171644920914
    3.2959573531963375
    2.8838877367589153
    2.7401405779469794
    1.5635710579795807
    1.6097825610502612
    1.3101846193203401
    0.0
    1.1996586438205685
    4.347871505161115
    0.7690375434011764
    2.1801234455147287
    2.1355252464576995
    1.5595664088715244
    1.229637618316923
    1.1389733960444406
    2.5965060494222696
    0.0
    0.21714041180642446
    0.0
    0.0
    0.8849894873046346
    2.540189869821976
    0.0
    1.975214160345504
    0.028862629352869842
    1.496093471050802
    1.018307373986235
    3.940869342474584
    0.0
    1.0656512632725352
    3.8907941608351853
    1.5198142668705676
    2.969140681041355
    3.7387764515642274
    0.46632033012555274
    0.0
    1.7010052664223994
    0.20769170557635566
    2.7580305813341877
    2.0131569029995884
    2.9874208058909453
    2.63103606960376
    2.1816424484457495
    3.1265379275736764
    1.0242504226775515
    0.19378294326313036
    0.6827225289463353
    0.5760080187949895
    0.950734015146608
    1.6990175411385144
    0.4184923436098685
    0.9572800834250952
    0.9859294535501092
    1.2029503608819827
    2.864068135944059
    0.0984704818535031
    1.135030706567281
    1.4491911396569912
    3.0836911798531377
    0.0
    3.4055274882981257
    1.5596856646203472
    0.07747449828446917
    1.523750593282072
    1.1355846373050809
    2.261388973281186
    0.7567390278454978
    1.2170219212747764
    2.7983824782820683
    4.315877949729774
    1.1399999989830014
    0.7644228546130483
    1.5855880839758287
    2.2213179103066545
    2.636464183343812
    1.223042713561784
    3.0572352436261907
    1.9705650524656977
    1.3367990790403799
    0.0
    1.5493051145038803
    0.5225463148771862
    0.328008948098309
    1.379599789885276
    1.771496532723042
    1.2876534050844448
    2.0171213993639494
    0.36278805851208906
    0.0
    2.544745164439249
    0.9891524890807208
    4.421104090691348
    0.42722130393461316
    2.5309524033811233
    0.6419543350424108
    0.0
    1.190677753825648
    5.030289652935914
    0.8874824501832713
    0.0
    6.2123549530392115
    0.6809062756291426
    0.4854800397706393
    0.2836070093035525
    1.658713737425959
    0.0
    0.6159623616330849
    0.0
    2.0008202421957475
    0.3363966984522724
    0.9568801895473227
    0.45928149778507565
    1.43298520148705
    1.771022234233885
    1.4304779018676912
    0.0
    1.095680595738558
    0.3056529572878446
    1.3628538625125615
    1.0937842921532357
    1.7529950237435965
    3.671780798407724
    4.113721403835983
    0.747415895531269
    0.0
    1.5449826961084403
    0.04700545129043556
    3.1944208547444424
    0.33724218050223426
    2.1063863277280594
    2.7473155736352366
    1.6596101412045097
    0.41864356535940245
    1.8485226626498765
    1.0064902657543062
    0.0
    1.906708258014816
    5.085658533909679
    0.15544437450364482
    2.727078814942732
    1.8896567230826533
    1.4433837377139014
    1.061526160977496
    0.002835709362934439
    2.303061020830591
    0.7571881908182604
    0.0
    4.154026976264401
    0.09827557469042837
    3.3512538580582314
    1.542664510968159
    0.6357839580287752
    1.4200720562503213
    0.9202103417826469
    0.3314744534308616
    1.289107758696198
    0.9294805266177129
    0.3190939062832279
    3.0126189669073886
    2.0507304863430216
    1.9614814512899768
    1.0697278577683151
    4.522056600532543
    2.03590616366019
    0.0
    0.0
    1.4559915820138052
    2.2673627296968797
    0.6629000112093854
    1.3207149162024294
    0.34156207882504197
    0.02857937510338143
    1.5422748581679673
    1.0338526195922444
    1.0115697072250924
    0.0
    0.0
    0.08459115096788301
    3.5874078647351997
    1.6075614528443554
    0.6304204599690558
    0.0
    1.3439845166878581
    0.0
    5.64527079022062
    2.2621505001767583
    1.1135361429604254
    1.0303013553702964
    1.545028218578437
    0.0
    0.057581946752016444
    0.542805510813024
    2.1668646527479494
    3.8730800927848588
    0.0
    3.188001386092732
    3.1137816347522036
    1.6175519046294493
    0.9110858455147571
    2.011303435983565
    1.5307231638243506
    0.0
    1.5979977519122839
    2.2212355406350572
    2.226366611439878
    1.1875408408436747
    2.0260027772023186
    1.4337512946714446
    0.7269161479933846
    1.8313634643222836
    0.0
    1.7046403292370558
    0.1769962657075049
    0.7563775646055265
    3.792941234237018
    2.2976533704209494
    4.07123989225894
    1.4541790110962751
    0.0
    0.44743657734642395
    3.004311196845762
    1.638832106217807
    2.8686631934302698
    3.090126391093256
    3.0254136104723863
    0.0
    1.8979265572953974
    2.0809621427510043
    1.2147267129000208
    1.5761604882272964
    1.007164164665769
    0.9333577397316482
    1.1173016244632616
    0.6540268067821657
    1.9125664040030592
    0.23460354355384272
    2.519375437111729
    2.671250812384704
    0.2847664515632964
    1.653431665640267
    1.1806833864121475
    5.081900361603404
    0.8906032007431829
    0.5306371293309234
    0.0
    1.8374493993663317
    1.86829519709374
    1.0760066466555591
    0.9502025165332795
    1.1519672973569843
    0.782536005174793
    2.304014742911127
    0.0
    2.956623139846326
    1.0944655639776308
    2.543399453400294
    1.7515869382768239
    2.825310940759849
    1.7680642284640968
    1.2240348209916023
    0.7237272921738988
    3.464138739596516
    1.3890295479639152
    0.34610993283336
    2.279106051336017
    3.1173445298018607
    0.0
    1.8733212577968608
    0.0
    1.9326057692566934
    0.0
    0.0
    0.0
    2.4264964197539864
    1.027888978500367
    1.379193664089832
    0.0
    0.0
    2.0485182065949643
    2.91305795419829
    0.0665967419966064
    2.8637241003773175
    4.062761589702172
    2.924279917023906
    0.943894142745275
    1.9250379586106507
    0.45786983645107215
    3.1981694092794797
    4.343877741124738
    1.4932323884970857
    1.7344408223793217
    2.182821414087525
    1.039297643653235
    3.2709777087027394
    1.8758969482661576
    2.691691700294947
    2.1151863403808657
    0.7374907085565743
    3.4315006480062213
    2.6310617409671058
    0.7112693774807427
    2.279194995404533
    0.3870995128756817
    0.8744788608294741
    2.5587795347208084
    1.7463200688102245
    2.004484398027604
    1.2019988865284512
    0.08507402028951996
    0.7088299188471261
    2.052073491149875
    1.882113966514478
    4.110751861631429
    2.005890201212603
    0.0
    2.7910239207411847
    0.09449194530116733
    1.8111756365986402
    1.8014291532256086
    1.5083309427128222
    5.99047966304833
    0.0
    2.694392343417222
    1.0250853868445655
    0.20611686390618658
    2.0689705230065467
    4.5445635412272125
    1.0908344771739436
    1.1654214579099003
    1.2756543831095748
    0.7954025506815435
    0.5540153259592925
    2.1289268073025776
    0.18017138019146153
    1.8457345516864185
    0.7898324953884184
    0.2661624158779686
    2.6476716952308146
    3.1370442456076306
    1.4594831653490765
    2.2017704183178073
    0.36373260950696795
    3.4511872659126652
    5.833026452560944
    1.076264129257826
    2.8418924260439193
    1.49326763460971
    3.253618014400345
    0.0
    1.182772007404327
    1.3731925268036704
    1.4635311695993836
    1.6515317230809032
    1.048949747866418
    2.19728636555566
    4.706373430805742
    0.09896015773700051
    1.0892263540195344
    1.5544077120941011
    0.9238754617263819
    0.5280004451095285
    2.0639614332976404
    2.159127710267747
    2.226593523495236
    0.31727789159474773
    0.0
    1.8249336512290946
    1.7980271269363655
    3.9867344961113074
    3.520894900708329
    3.133815684675812
    0.09333893261496998
    0.0
    1.1318254171794573
    0.7064463415355547
    0.4056520730716374
    0.47980452667234147
    0.0
    1.3402468573060162
    1.4836050857848329
    1.7221527936111733
    0.2938588119103247
    0.0
    0.17591285410565552
    2.48159027640247
    0.8950966259058427
    0.5329099191327418
    1.5992231595097262
    2.46292083823737
    0.26802261683650075
    0.07403575600898839
    0.511294069967234
    0.0
    0.0
    3.46610554801647
    3.399486150004371
    2.650949156650874
    3.9396226312836657
    0.0
    0.19248393552262935
    0.0076410375395046205
    0.6842183787834395
    0.0
    2.219060275708815
    2.6769905509202947
    1.9709074564212166
    2.9712867466288317
    0.3999276682525685
    2.5108105934755236
    1.9957218832656525
    0.9439691084531857
    3.062280906322564
    1.662508587786542
    2.005076526684602
    1.4387556626029496
    1.4074609233749567
    1.0048276123200794
    4.327645409424383
    0.016347616556555408
    1.6363827217706088
    2.6116369528353034
    0.10452924453524519
    0.7076785433303191
    0.5400870725735963
    0.49727833720462267
    3.0754582628496996
    3.4808497939527636
    3.6804025831320595
    0.18058217986864553
    0.0
    2.57348033866666
    0.13844480881301255
    5.401670429404745
    0.0
    4.553362155610284
    2.2935846448052977
    2.7553620794313933
    1.3570207065974298
    0.0
    4.365802100493581
    0.9781862185325382
    2.8825934727333484
    2.3065034887227056
    0.0
    1.2931039069070038
    0.0
    1.0689454264700506
    2.818171190125848
    2.5686610137876857
    1.6035542622501116
    0.0
    0.0
    0.0
    0.7347440157321794
    0.566520958078962
    1.313918340846759
    3.1078074454105975
    1.2569671671376645
    0.0
    0.7741910347375642
    2.1525878702247048
    0.8128374266514637
    1.2054717537149513
    0.706364229412058
    0.9181332470566399
    0.0
    1.2647777002709342
    0.976437215049634
    1.1085911764189753
    1.6489123558185166
    0.0
    0.11338992631209943
    3.202927104287825
    2.362010467872824
    2.1888145111364348
    0.21108736513859222
    1.0825766381225665
    1.1496147564976409
    3.8353494401735992
    0.8773974017236825
    1.0105666826755135
    3.852653172138748
    2.708280809293758
    0.0
    1.3067110176510741
    2.027135503520206
    2.5304263002588634
    2.7054660727142608
    1.1555438828648787
    1.1918271830612257
    0.0
    0.0
    0.2994178632210198
    2.5862625670748374
    1.9226713089093201
    2.0864865657370393
    1.8511032778436418
    0.5867275085350293
    0.3381492757503307
    5.124834400552593
    2.130005197024409
    0.8749007134719371
    0.5033445706864011
    2.922527890089377
    1.7684022520648015
    1.0403367506047303
    4.627236116762046
    0.31336465549859227
    1.1866239810076467
    1.2885703170972638
    1.245761552464084
    1.440280879439347
    0.0
    0.6273095679658146
    2.724673815747329
    0.0
    3.5415108956441674
    1.7709031214643725
    1.6084642323683984
    0.0
    0.0
    0.497745164236207
    2.9095569247512656
    0.48664492628458467
    2.320936483653365
    1.9897941686556395
    4.046732161706651
    0.3176096981997078
    1.0485040402670958
    3.613673619867737
    4.367084372985116
    2.9586491177171164
    0.8163994333894499
    1.0343156743533268
    0.3752416500387763
    3.036971313706337
    2.307196212213666
    2.291324731308092
    accumulated_time=0.8907523155212402






|

.. code-block:: default

    print(__doc__)
    import time
    import numpy as np
    import matplotlib.pyplot as plt
    import pytransform3d.plot_utils as ppu
    from distance3d import gjk, random, geometry, plotting, colliders


    random_state = np.random.RandomState(0)
    box2origin, size = random.rand_box(random_state, 0.1, 3)
    vertices = geometry.convert_box_to_vertices(box2origin, size)
    box_collider = colliders.Box(box2origin, size)

    ax = ppu.make_3d_axis(ax_s=3)

    accumulated_time = 0.0
    for i in range(3000):
        box2origin2, size2 = random.rand_box(random_state, 2, 1)
        box_collider2 = colliders.Box(box2origin2, size2)
        start = time.time()
        dist, contact_point_box, contact_point_box2, _ = gjk.gjk_with_simplex(
            box_collider, box_collider2)
        end = time.time()
        accumulated_time += end - start
        print(dist)
        if i > 10:
            continue
        plotting.plot_segment(
            ax, contact_point_box, contact_point_box2, c="k", lw=1)
        ppu.plot_box(ax=ax, A2B=box2origin2, size=size2, wireframe=False, alpha=0.2)
    print(f"{accumulated_time=}")

    ppu.plot_box(
        ax=ax, A2B=box2origin, size=size, wireframe=False, alpha=0.5,
        color="yellow")
    plt.show()


.. rst-class:: sphx-glr-timing

   **Total running time of the script:** ( 0 minutes  1.594 seconds)


.. _sphx_glr_download__auto_examples_gjk_plot_box.py:


.. only :: html

 .. container:: sphx-glr-footer
    :class: sphx-glr-footer-example



  .. container:: sphx-glr-download sphx-glr-download-python

     :download:`Download Python source code: plot_box.py <plot_box.py>`



  .. container:: sphx-glr-download sphx-glr-download-jupyter

     :download:`Download Jupyter notebook: plot_box.ipynb <plot_box.ipynb>`


.. only:: html

 .. rst-class:: sphx-glr-signature

    `Gallery generated by Sphinx-Gallery <https://sphinx-gallery.github.io>`_
