
.. DO NOT EDIT.
.. THIS FILE WAS AUTOMATICALLY GENERATED BY SPHINX-GALLERY.
.. TO MAKE CHANGES, EDIT THE SOURCE PYTHON FILE:
.. "_auto_examples/gjk/plot_convex_mesh.py"
.. LINE NUMBERS ARE GIVEN BELOW.

.. only:: html

    .. note::
        :class: sphx-glr-download-link-note

        Click :ref:`here <sphx_glr_download__auto_examples_gjk_plot_convex_mesh.py>`
        to download the full example code

.. rst-class:: sphx-glr-example-title

.. _sphx_glr__auto_examples_gjk_plot_convex_mesh.py:


=======================================
Distance between convex meshes with GJK
=======================================

.. GENERATED FROM PYTHON SOURCE LINES 6-36



.. image-sg:: /_auto_examples/gjk/images/sphx_glr_plot_convex_mesh_001.png
   :alt: plot convex mesh
   :srcset: /_auto_examples/gjk/images/sphx_glr_plot_convex_mesh_001.png
   :class: sphx-glr-single-img


.. rst-class:: sphx-glr-script-out

 Out:

 .. code-block:: none


    16.759494880060288
    14.981667823889477
    6.315531487988246
    11.563114830711088
    7.389787684355105
    11.399001179330012
    5.965123582138954
    7.254948802728881
    21.495236012029142
    7.991013817370585
    16.582158391501636
    25.805799290652192
    6.583161196651133
    27.69918372100239
    15.626745321919495
    23.476676794032304
    8.686088676852167
    11.415484923823085
    13.660687163908154
    12.791369754090391
    15.714566404857807
    5.0846429642727795
    5.729303913287622
    9.73863500359635
    15.473055059573205
    7.598753635065692
    14.424588168020394
    7.340935942608394
    12.636672359814906
    8.766684176528605
    29.71887180486885
    14.097421584123154
    10.635573449414334
    2.039521226766601
    7.456618327842968
    11.745297909106704
    8.502292429153773
    13.644077488147987
    10.727718297630949
    25.959234251501613
    15.702155741800171
    32.23587486609294
    5.114470982450523
    12.343600930107947
    0.0
    8.825052183734817
    22.600204108889717
    6.877300011075303
    9.692208904545096
    2.0433615522779993
    8.882159220538203
    32.58333999621449
    16.38182760185927
    11.402437805415689
    10.44640068595322
    8.622983475931536
    19.44373998658831
    2.530532576711473
    9.979711336930622
    9.193459938965344
    0.40000143846904457
    14.926662671962978
    19.811518050439187
    21.308525791261296
    14.506788596141531
    7.243414390916615
    15.84709535056183
    6.651556380939149
    15.708402508612988
    12.5697974043898
    11.75057994599142
    9.814109042793469
    5.954246466569255
    26.43489654362753
    24.865119325760674
    14.82667659680173
    17.731175282879715
    10.291010240800244
    12.842118749422463
    14.076020690864935
    1.005171398353707
    12.861568247376484
    11.182740678993325
    3.1580904751633847
    13.03191177954641
    12.836068645736663
    3.6752660646451925
    15.978545549946602
    6.270439056344219
    11.875454620341
    8.446648691626967
    9.488979078780298
    11.766909448194362
    13.769051068448308
    11.31019637479196
    12.059446426694516
    15.626515708761314
    14.857272860132094
    16.747318114034318
    6.404098213042411
    5.019576943888202
    8.371389319991184
    16.091337143055288
    27.823147714072213
    13.80058070603427
    18.45478171101631
    17.62576689641973
    10.979323120966178
    19.528198803898654
    10.706483691336343
    8.215275835953895
    17.46764064718067
    19.441880686155738
    7.196079282320082
    25.767863257329026
    16.539952449591528
    19.031973019534362
    5.325978513335488
    10.834197705144632
    13.27713912354902
    16.173607499731638
    9.006138184039802
    14.13087267272469
    14.973523121416902
    26.762952036099303
    11.526191886685842
    7.901291226488873
    7.905956108318743
    7.073177052435225
    14.418264535594382
    1.498457726506951
    22.521239641893985
    17.91737317928256
    8.385455068847547
    28.33360662335671
    0.06923385451381353
    13.512322518530011
    9.484264124870286
    10.040550301440744
    11.040643351501364
    13.930248655170937
    4.265840076048508
    11.904185614158349
    9.705787963587388
    2.979907550606119
    20.30826654684855
    6.87539640687139
    18.27736697925607
    15.629791543300229
    21.58759690165907
    22.241781026135186
    6.899342632782388
    6.183218433976398
    7.604707109956043
    14.240633372511425
    5.650729237636354
    21.38929309017271
    17.497729886307514
    14.605212425832418
    17.156243395863303
    23.168921158238884
    9.88751463535483
    13.66958547711738
    4.570693757512766
    17.4870001893794
    3.310651859896879
    4.340049798419968
    6.983164397106173
    7.074339131526749
    4.945712497883839
    7.467005494826703
    6.458044758904656
    17.57256632745831
    2.5332403413491735
    13.198102202002215
    5.646669576041768
    24.14724467604459
    8.637767214661915
    8.533823039611846
    27.258111080704804
    10.438411057510615
    9.14928440229464
    23.450125425567155
    8.971344572999579
    12.082954960604408
    8.456782320900041
    15.205587456791033
    9.427005391714777
    6.210953056214467
    15.45184013120991
    16.20749824886483
    12.335240509321464
    17.952155926501472
    15.465133036511656
    28.072865780720257
    9.2786823503298
    22.01186929336693
    12.358851999707765
    13.863964605521113
    5.330444970675259
    14.067020515904723
    20.609508680296948
    12.37539951275647
    6.912413685344172
    3.592224036413057
    28.70537847461127
    4.854251207168082
    9.835663381941888
    8.45103235179781
    22.160850190499886
    14.137978366836933
    16.65498603997377
    17.95349283724116
    8.167461596854583
    9.677091450169902
    6.522335872567341
    8.242448469271395
    4.8569838220527055
    4.989636014514362
    27.533964100506537
    21.442090029975063
    15.393248545630136
    6.280837100354255
    9.043233600801681
    23.748052327128608
    22.501002587806337
    15.211343978673305
    2.1729179756649546
    4.849094025542063
    12.742897362063985
    4.157779964273036
    8.415829188586883
    18.987472463668787
    7.302820623631813
    11.76207610675512
    21.107753116878037
    3.537330983553578
    9.802386571553452
    17.944732205797422
    14.641788139706447
    7.9350558878117115
    18.536709216877817
    22.754304148599804
    23.065448139295086
    14.07154623605922
    19.416536860222656
    11.350813518411613
    25.667652440910928
    9.859966346629765
    9.573053345633916
    7.0095107447821094
    15.111465878047625
    5.642204829506157
    1.3650391422473878
    13.790760548221321
    11.13134521167212
    22.816035781452126
    5.182444189628621
    18.409399722773824
    13.516843410316987
    22.726696536929417
    24.593929797599337
    18.32328830686448
    5.7343740047516345
    4.554159010249959
    14.583504379072002
    7.189995925098763
    5.609429920343735
    17.859960514131014
    8.670727937834833
    14.049372536389809
    31.311038685164295
    15.573528418682834
    8.42987035320152
    4.870976005649523
    5.507467963976445
    18.899029488167105
    6.631092258222424
    5.141972403641549
    0.9940981902633267
    19.98033291425859
    15.998055397415662
    11.644644789234825
    26.61833651414548
    0.7732111634632748
    10.785673943183571
    1.4728117412862551
    13.958401796238148
    28.81874324721789
    3.2119788170593115
    11.809080331111174
    17.439703035712512
    4.405583797494523
    21.057212527079315
    24.8285738460758
    10.043695846319421
    4.295548324455597
    15.57645984983782
    22.611276746707894
    7.844723121849577
    10.434309576350316
    2.3037280737135966
    18.959749462198502
    12.994291202973866
    25.516798738146974
    10.00058439097748
    13.066966408914464
    13.74925661996679
    6.508027425044598
    18.3727832629877
    15.422662813806578
    25.46353189410269
    18.174539684926465
    17.249771564364185
    9.982214008479959
    14.137205699118994
    8.727549879713582
    22.885412624611906
    3.758422108593456
    26.143349027036642
    15.190809727018737
    10.564466678659475
    18.512835427788442
    23.03617990245409
    1.8156747547916838
    7.7636601130616265
    25.57131492608434
    26.064764756708367
    7.421161120528934
    6.354535852484988
    10.86812525417324
    5.901984487735796
    4.8028525997554885
    15.572111427555738
    18.843064316422687
    14.665935942007232
    9.878900133175907
    13.665008014690015
    3.2225055513184615
    11.424377780838647
    16.691877940127625
    17.732376459931537
    16.125135588527222
    6.795955386313825
    4.560294262567692
    12.255722015151647
    15.515129047897862
    9.939112215450043
    9.071076447097624
    17.75833813600988
    8.366257568904256
    10.971983571201164
    10.676475124620545
    6.483052498265331
    4.947200696975649
    23.50136114720222
    13.253455710194538
    5.020501991377671
    12.076377322816683
    16.749040129091906
    15.45383296248517
    17.38365091487884
    13.737476251238592
    33.62482382804097
    8.166083851776085
    10.97896919193186
    11.893461312766131
    20.181698780513123
    17.347905012176113
    8.12826803990785
    22.439575105348858
    2.3521863411510884
    8.14489867981033
    11.548593687457707
    11.659753575792507
    20.699849543005982
    6.963754153489034
    20.585380000629822
    10.471683157827162
    6.036238987989245
    23.850371518487165
    11.905416344583521
    3.8769562186249122
    17.058081784329968
    9.718874524764471
    5.533683369530759
    16.304726999672965
    11.128732847485255
    33.37457582820106
    20.67119369618829
    10.482057602905119
    18.153028454731764
    27.451543063039132
    24.988641720659633
    13.37897881185315
    12.32295943988649
    10.523636843766436
    24.954137995091028
    2.9077346202868966
    4.900715809260985
    18.20609817321532
    12.482024931607349
    17.633183186622514
    23.48182097664349
    21.56339241948889
    16.337062702332087
    9.562613752861918
    8.500136495900612
    11.959479647651083
    8.854415184994584
    19.214286990250358
    8.823722321779613
    11.821773988891623
    8.189471802361028
    20.048207045770933
    26.4812371323833
    7.889385004254884
    15.27376152576617
    24.72622071685104
    12.695630840617671
    14.155709025726365
    13.735174809520846
    12.821853884983435
    21.836638185576383
    5.885840853430497
    19.709657178923926
    8.43596850291451
    20.59311492943615
    13.82923319981671
    16.44500406869395
    4.615623956186983
    28.229569279848032
    9.806326027059393
    14.214855143787442
    14.35921954433186
    23.57975767246758
    7.886974171150392
    10.586222607683219
    10.116287070903887
    13.744810758629495
    10.686080630747728
    11.409370215667218
    1.6698428633532274
    14.616100330947491
    7.872505310495611
    6.433819124659869
    4.316034645403493
    2.4065611965839184
    24.99925160672249
    4.10246890227582
    15.038361947029296
    18.83605974987136
    12.730934135846393
    18.83165182801135
    25.183276894159455
    10.248883686502865
    6.226057326181789
    9.429326374468644
    4.4681800201418564
    27.52018499194283
    6.4953270938383
    14.686688199726055
    13.139853257071621
    18.63738306966209
    15.906720067915812
    14.295054875864887
    10.59229806789308
    2.930956439103898
    13.198442536993843
    9.006273177520665
    5.600108235177448
    30.70040814742023
    6.9051262862600815
    13.167301543163209
    12.185141951497396
    13.36350694845716
    15.811651348388224
    9.72605668891926
    13.037318953904457
    8.354328611453646
    10.77814750075992
    17.03590254423827
    6.653197690202173
    18.540499769827992
    23.307533340503408
    22.10194286472332
    5.437800238457962
    7.872680080063547
    11.599630542275134
    12.892142886638446
    6.9278349211680235
    5.474163253563788
    7.6959983698057135
    20.225414876266548
    7.892822750015066
    12.56512412538809
    21.342708069862624
    8.147389296911584
    1.035667040374307
    7.615514207828904
    1.7307839998280623
    8.834752691268363
    7.195334832212489
    5.650936891616032
    8.317843436363185
    20.720847977948367
    6.736627550755413
    19.092381298181284
    14.790637434347392
    19.277606085545447
    12.943995075924342
    2.4141139917693804
    6.766556884554643
    7.904874615340121
    22.046334599340316
    22.690601385193435
    8.061299817483624
    9.984001224721558
    13.072834477389573
    0.0
    20.57695619693312
    11.192269384684588
    13.110522467356333
    11.551222094577673
    14.558336304596308
    9.76794555201119
    11.40884431885789
    22.734576049710746
    13.443153417910453
    12.832268287807015
    5.521835274238695
    2.8803230497253076
    21.318204741692536
    10.00700747593239
    11.785177679897462
    10.258344219395621
    22.450667755891626
    10.43796583261408
    17.379571172967207
    16.910552171422346
    5.086092709480003
    14.849270778933152
    23.5699232037888
    12.1853460903625
    16.50829939432679
    16.3655976945708
    12.14756980863941
    2.353735330805005
    18.814043215249992
    4.01451636570163
    7.515146050514377
    22.43772652091617
    9.739906355225122
    9.970029370599354
    15.875739692179724
    0.8379168617712949
    5.7370786550998405
    9.962934448346347
    8.812553295905868
    11.942817289256283
    12.76410313080168
    11.788598071415018
    13.458882297631268
    18.331847597047183
    11.443615460741507
    25.491212096165793
    3.424954817770601
    9.113217388188497
    6.980587522935833
    15.202247531222142
    6.995625191912584
    5.694852115817652
    19.10536627618931
    23.069557781561016
    4.2939905993359995
    20.88205857865968
    3.2404606114089907
    3.641592096385721
    5.908238240456521
    11.145643844781585
    0.0
    9.83271655087605
    6.444388809243764
    5.066304120050874
    17.271359305086577
    12.590508658160573
    14.026507997339039
    20.450258078094386
    15.328719454556525
    17.71604082935511
    4.608581220743255
    2.925602930247326
    12.980530604933596
    15.102907735040358
    13.378829887844336
    10.769399245933903
    15.145337571925541
    15.304707226100227
    17.42340861966437
    27.941241261055723
    9.526260782487457
    11.199102770093097
    19.31096407840113
    7.416096301349516
    0.0
    12.157720500381252
    21.569830497132827
    13.05134934634782
    16.11283532216712
    16.41909272354701
    14.363244453759169
    10.251656696477301
    1.1726236162534769
    10.638157811732311
    9.148903843959465
    11.37046489851876
    13.253985746878493
    23.05919718823756
    7.519999471556634
    16.449883252118017
    26.18619113352756
    4.093103617231521
    23.913732770487897
    4.340296027525436
    12.483763826732972
    18.25843687335258
    14.664396102326696
    10.18852520523553
    7.85617194495454
    16.090974564099895
    1.7106353979647202
    11.605151626527931
    1.70977295338408
    19.278738662700466
    20.096082787758558
    3.8135471100566596
    16.170202778576183
    5.2333790921172145
    19.681732977720454
    11.41756789430307
    15.047712474542928
    2.5656486012429163
    17.79393676648717
    15.729539949891146
    20.716201538024166
    2.7449145594177824
    14.109282828126474
    3.479755950900088
    13.90250268199613
    6.241245302482029
    10.980464384341582
    14.657025050514285
    15.824247061480795
    7.870460515273565
    17.761194478224347
    6.3057438494552365
    11.999264672236789
    11.598204127620436
    13.182399280846402
    10.19200503586572
    8.385129455759184
    15.01531227183188
    8.175212650623076
    13.904348514938809
    15.089507380751462
    34.08055960885767
    15.033999115324722
    4.620998898292092
    6.7224326482199785
    2.5066553374808866
    9.364934901629129
    10.475825038422302
    9.399728928859648
    10.622935160964355
    14.859847061602194
    18.70887264295752
    11.299861938497035
    3.862447347930062
    8.494868263004314
    14.354825231386192
    10.490646231411695
    16.754155821060277
    13.136087271688094
    7.457156863244958
    8.659506332910224
    8.70589667562076
    7.617296668965387
    0.0
    19.820079656572858
    6.6056625248542415
    10.457341902762112
    27.597744276743157
    8.669758090992746
    3.6305443281147696
    6.243653566047367
    3.323827674484493
    12.199190901523227
    13.592547746621872
    14.830016578163185
    10.806482512637684
    10.206058828071628
    6.909902189240256
    19.06420668905342
    17.48153945070782
    23.08777150532114
    23.126944105240508
    4.2508212433900745
    7.680659928727011
    10.467293832435889
    10.784791659376621
    13.383217200923307
    15.053621044963679
    15.268475648254384
    12.146779177670364
    14.284090053347763
    8.359649782702236
    25.06743146269461
    15.094016685545201
    3.8328420320546526
    25.178702483421407
    5.543543357700232
    15.751142870606467
    11.986262545195377
    4.971168617814116
    11.339683478804128
    3.1611026906628648
    12.361818477309033
    15.81108536110232
    3.0973531965741357
    25.518502504041194
    9.918331129782967
    12.888086309364187
    12.239477984454622
    5.850191935772885
    17.16352713554292
    3.590288557594777
    8.333500412137832
    13.382345685503537
    7.622126538831454
    5.496747544197974
    13.832193282560159
    27.91599239541985
    16.19246509328075
    5.823794895024945
    12.423118742789422
    9.913710800434815
    18.811647176005913
    18.9101349807221
    38.03992852535267
    23.31996095445725
    9.416471598875724
    4.6821200966187435
    21.959338441316987
    14.271799180790602
    7.894539087652152
    9.499610081343508
    18.74056277709184
    2.8047984879202303
    8.680094640057499
    17.57246028169693
    27.980856145250453
    9.333346906952094
    6.761663004916658
    13.18755061609896
    5.540053220467357
    9.12672204566354
    6.11726645142958
    12.698995416957219
    13.711504781717293
    16.76952112717361
    9.543624531540088
    9.540279309870924
    16.8360789475504
    8.250770894184411
    26.697389153222083
    10.757337787012968
    19.609756425422738
    12.12493693593947
    11.168988919095488
    3.559009008914283
    21.947710230469877
    8.54008782181971
    13.962283598101434
    19.543532358450776
    21.120701902269655
    12.09439538265816
    6.856281207564572
    20.322899633006365
    17.536406044375948
    9.873965304556538
    8.927437031764688
    2.2030159025158484
    4.656091184079552
    16.670314869278624
    14.069632912899149
    12.98533804050777
    0.0
    13.758338377670606
    8.817302689713438
    22.74451124418484
    3.6888885804369194
    6.456678644299327
    5.803775639216103
    17.137602620304733
    22.920471253750318
    8.798515823174242
    5.462385063081814
    26.476310568392716
    14.762693849835209
    7.325068886537133
    11.040704476826718
    17.586027873038084
    15.222021099292588
    9.18636923504484
    1.5002537903135962
    12.604173566393385
    5.001703384303684
    28.477916346694606
    18.098079061413532
    12.727939891707853
    11.174549900520558
    0.0
    10.39183932222157
    2.305526848116332
    19.33359424463926
    13.02398539744795
    11.676250222719235
    9.592633233985914
    17.519115344227096
    25.860358218857954
    0.0
    13.571609878220276
    11.000088665181886
    7.272317046830619
    8.153270182717534
    14.541493208239677
    12.237011310573145
    16.618929329691998
    21.42560924686804
    15.159123695055225
    8.903061276879397
    11.82370034746168
    7.542208531046662
    7.795187531428073
    13.494415719953604
    5.262049451749404
    13.012562181016657
    7.815821527544747
    0.92648007069353
    7.405926523330577
    11.225121720294588
    16.89226049637694
    8.605975558674324
    13.749004561195887
    19.531267682772256
    15.3715698800691
    12.282570862177499
    18.848356566170263
    15.168329283943653
    4.516215198650819
    22.745248951987126
    9.623324824939086
    18.93624411798911
    5.2538427412508995
    9.521439763030285
    21.87228253462026
    19.090220423978444
    16.096568126353873
    22.091404969550226
    15.321669208816267
    34.04634305254765
    13.936055872705003
    19.361955126787887
    22.32595936011257
    20.323962573492032
    10.076499218513801
    19.580331564847373
    10.885143552640617
    26.665048612111658
    14.178832504950803
    0.0
    9.676983091635162
    9.496050571927471
    18.044225314499343
    5.77965181119025
    34.1296759527896
    15.580519986253913
    3.2441740423579217
    7.674117639969613
    4.7440051464534685
    23.793616686746642
    1.3682857040947591
    1.8500385164325108
    1.4471379163791311
    23.564692312949315
    0.7006045254799059
    7.474931438040693
    16.17765627911239
    14.032631674380227
    9.79145292852906
    15.067018591446624
    5.581875604673402
    17.291913567670353
    10.213933866839582
    27.510117462444004
    5.818502487484425
    22.723660589638467
    6.315866847015283
    24.45247506685162
    16.036415223984594
    3.639274322760912
    14.054519481352713
    1.2252477002472015
    14.300832346133742
    13.503836614028527
    20.59342997155724
    10.5549146099904
    6.398649617990569
    12.422116511608417
    16.783630423352704
    13.262949603842944
    15.23218798479401
    10.130796939600746
    6.163018049657965
    24.666793686341897
    9.886655510638588
    22.99667751453822
    18.674971199856298
    13.791113200201197
    6.993791087235345
    3.8572180283759043
    6.487553522312897
    4.162585797627544
    32.90712241745014
    4.259000617297684
    24.194842575420303
    5.0296995259347375
    12.479617405755217
    8.337659738685197
    25.305853028595063
    13.545924337954553
    14.949615331423932
    3.492311860958579
    22.675770149976152
    19.180536573712505
    0.9395312794566537
    4.610786164290714
    7.9349672222415215
    9.295335882870807
    18.282471468862095
    17.437304963654313
    6.325545962271665
    10.735181435891258
    11.791774207377134
    15.210322231018084
    17.69057892136205
    24.152484247971014
    13.53281460714911
    14.898452280054254
    22.92280142471353
    10.419112791469564
    10.409847861098132
    9.743208052142146
    19.327133956107883
    8.544298481463596
    12.597078052719572
    12.991620287431362
    19.979006349219485
    8.599433198935612
    5.550616845659032
    4.015851968495875
    24.626492934991692
    14.357183954990699
    6.583692539139051
    22.71545790385226
    11.254714618569356
    2.318452595003421
    9.62339352645585
    12.040975484552135
    11.180316878243184
    15.51975923277777
    6.626062406255225
    1.687068786640597
    19.09665601717148
    12.065134290299119
    13.586730327776179
    9.691348819970358
    14.15253734156198
    9.261387831064635
    6.004533285094383
    14.438799473763492
    23.4153819176161
    4.688469869607555
    16.062965093010263
    17.08754733122718
    16.968604195295125
    17.249843370556697
    10.747085470813156
    11.034430972659548
    11.492296697620752
    17.356772820410423
    17.52750769699028
    13.835162083965054
    17.77512985310829
    8.6414116869183
    15.06021161682042
    21.81321326382507
    20.32196131337917
    17.402606258387895
    0.8975905985089794
    15.293268052489546
    6.371037395800372
    2.3609362966436023
    34.47309439615695
    13.928096313617585
    2.2155186709203933
    8.917664171146036
    12.981838092981723
    21.178052888544453
    19.250852934288588
    5.923807112989645
    14.674577392274434
    20.745188689115118
    20.259021748962205
    20.60828527791395
    17.013967048748338
    11.574570110155433
    9.174193717472372
    11.72266287306223
    17.29197222348848
    2.1999215274675725
    9.608380285956224
    21.784308929029777
    17.258489837604685
    11.54227935816291
    19.90919298825489
    31.80150144434591
    9.423111492509463
    4.371253797070571
    19.445792487269923
    13.689063922225396
    18.012396035455488
    26.433075442719204
    33.765513847147055
    11.67416474650267
    15.859772709254052
    6.298399238748953
    26.818416778833512
    12.837997234535221
    19.95136553672445
    4.731298984562453
    11.621714432634704
    18.296883421225807
    11.68577943618001
    15.324105539902929
    7.188619862263888
    9.246860529158118
    2.612291644735063
    16.395118307354387
    10.183508323710075
    10.690337894358255
    11.932505682769396
    16.28167787493252
    2.316714779735221
    12.91312245030666
    8.785165406296166
    7.093894722881246
    6.421871932283862
    4.702597619189236
    16.374047028834344
    18.373540052486145
    13.84842513630574
    20.781980276713124
    23.21807525077074
    21.103197299653857
    32.688494403026304
    15.096735785289159
    9.12850751980521
    1.6171383199161316
    12.1855499147298
    0.9507692933800131
    10.908966065082945
    12.034773586330243
    13.309088914244752
    6.446068315592637
    14.855645333178327
    6.304015384168314
    24.167808126416755
    15.89185531342305
    4.582156701811346
    22.06000323998509
    4.741916226606186
    13.312632374151658
    3.554551633664584
    0.0
    14.102864675804428
    5.219259306273912
    12.55169236300528
    13.50835893269134
    17.468948616722386
    19.335776925895782
    3.52643384598717
    12.582468008973391
    16.337315811759964
    23.57405978011339
    9.291966483282941
    21.837529441482022
    11.093207543942482
    11.393480807771168
    24.886043955243892
    7.754861055772829
    13.040237170790848
    6.978266871393701
    18.988512953824795
    17.392279061865864
    7.23462160208223
    22.724069034650153
    3.7303705515466348
    16.361586580210982
    3.903779942153285
    9.783328072983734
    5.308923892113152
    0.0
    10.844743634261617
    13.877117381361241
    13.060154896279279
    16.958940201331465
    10.875117375035293
    3.842503087985502
    13.601561668877512
    22.186399738529204
    4.388885698047544
    19.119889815588685
    15.705753460802072
    7.552486386657592
    4.041697934778471
    13.43392500922897
    11.295883104506464
    13.863224581179445
    7.869531186169743
    20.876888132487345
    15.450996281550944
    9.0828993611265
    8.721321396646072
    10.99777465394309
    19.250339403760115
    28.81847004854504
    7.122950924602605
    8.499403946703532
    19.390673716484095
    8.171182164341277
    6.2390916113516335
    24.250431383853982
    14.639275928683675
    3.6359258948238704
    29.052585395084556
    11.784784489019666
    16.114857503644814
    4.928689932379688
    10.601172537048406
    12.257130856507155
    22.076912516660503
    10.471481374818676
    25.487301092699592
    6.442577410542213
    5.883328185308858
    16.088295804368716
    13.4200974829342
    11.814586214480997
    12.172943733220293
    11.102202389911989
    10.075576753808363
    15.97552284806634
    12.333475001508326
    10.302125191773547
    15.382890782986651
    6.984064288070215
    12.673328974029667
    8.77731310295472
    9.380008038759438
    3.281038909456483
    10.164448380517767
    13.306332312007552
    3.7268455746411457
    8.1366466828779
    17.266016545863007
    8.511719288691284
    19.263739220568855
    20.979122491875703
    11.741792436966778
    17.68633371262387
    11.499871428579372
    16.40018844859142
    2.16209885686273
    1.6062271339112968
    10.75840025095909
    11.872911204234736
    16.935517354409903
    16.231080824864208
    13.785035625225706
    5.606827251746998
    11.231994055912459
    19.122602206762004
    7.058022254223925
    10.289989829261291
    3.6426762161406128
    18.020441660412594
    15.497473990880316
    5.987725815389673
    8.496970654803633
    14.967554233592608
    6.741619346827042
    7.228282726224615
    32.75623215723111
    16.62134675423634
    18.31479683631286
    5.214510068478557
    20.094980661882918
    12.560870086549931
    5.585112701524543
    8.497735562231039
    0.45233497591525096
    5.381707611131203
    4.91014691792267
    20.780725704010717
    8.368390096024955
    8.557311624173899
    10.911114159241201
    21.580547649627828
    12.932435270726133
    8.025586514229133
    29.324251882500516
    7.865244695429783
    11.701577958242742
    15.470866430293064
    16.50086634371919
    12.610795552464714
    12.93699315326823
    3.2786945140527757
    10.316145227255394
    5.247559609782868
    16.08541784488295
    8.739641251716344
    13.218815792475352
    17.282417967218844
    7.914233612553183
    11.144235588074125
    17.986254481669928
    7.432104792469326
    16.54199598939483
    15.85551210244124
    15.925660367417528
    7.087712977458849
    8.393577307818154
    16.624546033425073
    28.317749963082605
    16.80719399877126
    5.562079798086904
    11.30988810712448
    16.43234669587212
    15.136911110778032
    12.707949998623993
    17.769946496214903
    12.762941677895718
    5.200703319073932
    2.6309747399742345
    17.52819214189586
    16.161864435506413
    0.8478665719133668
    6.881019499759473
    6.53439139779305
    1.332474384262573
    4.156561555731257
    34.05418044491619
    5.898949956931222
    5.453835169502292
    3.0524653750233033
    4.254541119183699
    13.226792092180487
    7.512718745573393
    9.614476240308798
    17.213624900213173
    14.322166980241592
    23.084658975394653
    4.191937400164983
    12.497687600905119
    9.49836863776163
    5.973246301399413
    3.4770988241808225
    7.773900250344023
    16.440035436576085
    8.220558221888203
    24.328007859177273
    22.39253511825848
    19.882223961004385
    17.31720504528021
    15.730456527853633
    10.59034041536394
    6.3506341865858005
    5.186491727336701
    13.806617790618109
    14.13173043186569
    9.92478431162811
    11.73693923240331
    14.937812322338711
    10.711662043226898
    6.333421180538153
    9.800425463311798
    12.333584468535284
    15.515178785206393
    14.22894195457455
    3.462667611761905
    19.19610789675111
    23.38067854567655
    10.097141724190426
    0.0
    17.762364288969753
    4.396597996389584
    14.499874467924448
    13.847376800327957
    22.804135317350937
    14.956870601241572
    21.285997099032205
    1.5324085627134636
    10.484397626316035
    16.48481541946167
    8.85053382762147
    4.006215964201287
    6.655753377353568
    13.787077263188769
    6.104951468553436
    6.223580548231252
    16.347973196954253
    12.868625770443959
    15.080853495077049
    18.544099123843537
    24.93433163734905
    22.842732882988408
    18.5199921809468
    22.434437455502593
    27.2494744792104
    7.152929433237849
    18.322856930012424
    22.56772959329274
    11.525911133514578
    14.82526810209307
    4.462602499230358
    20.063877826449833
    16.649718407224174
    8.812176755680948
    12.273731074905008
    1.068883482043145
    13.064159100393931
    9.85138714144733
    6.524099925324391
    7.410399982069693
    13.914372102561199
    5.135072113030676
    16.89215658104618
    11.219632217213636
    3.2453033345530433
    18.669393252796002
    15.55843167072781
    16.500607452488335
    15.05380852706214
    12.044705512707393
    17.55920061208427
    15.438651955210574
    17.387673106261133
    14.842561373236023
    23.35972442337199
    18.955232157590622
    15.09308101979779
    2.0766166939285116
    22.79339535652186
    20.25050794732824
    7.44578786480024
    12.659555228765184
    16.12465617339167
    12.304577744569167
    20.589270537262674
    13.131691248900305
    18.48239557969907
    18.415925884064865
    6.553799278766744
    8.681313603265233
    24.224670396415462
    12.29134781616824
    28.25933635115806
    6.624014598855008
    12.465596612103445
    11.174369942456433
    4.440205708151211
    16.30065550601518
    9.590298889326293
    5.769177761521177
    9.74572639081927
    10.195854644727483
    27.663173115688494
    17.068515998383305
    18.807088343603276
    12.439208730962303
    5.201053869563943
    27.45493584346623
    17.29621932031566
    2.0741634618669127
    9.883844239801045
    14.939043116455931
    19.800576025195696
    17.502939131411885
    5.991545844744675
    5.363917116660022
    8.339021753811076
    1.3106444604991283
    11.0538687519021
    0.0
    2.136517758008093
    9.236079764031693
    12.782091192201976
    12.276233387144542
    24.975377408318927
    22.776909221837116
    12.994789341367076
    7.396615259935105
    4.510654573547498
    6.622169345384951
    14.823548982455033
    1.7193817982637583
    22.164249480303326
    28.059206470864652
    23.77895699742024
    10.973791570412084
    1.8232086404584693
    18.996246165449715
    20.768556688463423
    17.720569809023775
    19.622247778975016
    16.387996673587697
    19.2984906580824
    4.765262045794868
    11.587539993571873
    4.40582534248492
    25.222544657175956
    12.693293134212215
    5.682901566762884
    14.013989496986767
    11.998294861447341
    12.835412309054872
    10.514904249202548
    19.953500085763128
    19.748609815579773
    12.557922923815873
    21.103222567652967
    13.032054240820893
    8.467094464671918
    14.2759631287367
    12.018572613508683
    11.625648752850955
    10.635647407224582
    13.56791708506903
    14.67690218957076
    24.521684090953524
    3.4247030725766154
    11.803459654981888
    0.0
    3.481588547919355
    16.235368089214585
    16.13114731555692
    21.743009555775426
    9.690924436643641
    8.824820995841009
    13.298609770585678
    5.039580464133186
    13.430068153576027
    14.124339230712494
    15.780913493615792
    19.80382216544912
    13.305833861982165
    31.179378714744427
    0.0
    10.31971683523219
    5.354652898812471
    20.31567913465889
    17.5438211854644
    10.372776252791363
    23.30130350683894
    11.69267877746757
    10.805366863967592
    34.04804170112318
    21.00325982235714
    12.565136842439973
    5.351135580154057
    12.605517404922121
    1.8015244710403995
    18.475722596883724
    1.3769268245105706
    6.816682907885012
    22.535365310349032
    7.702742267486689
    10.617659862553147
    10.203704942468178
    21.415920685621472
    8.70988147381882
    9.427415773237087
    13.36332316920712
    1.4981000421785033
    19.08380285585511
    13.621270253477016
    5.1799477290801725
    6.146869401427406
    11.166564109998312
    19.195894192547613
    10.301739856372091
    14.262188259231978
    14.10219188652482
    0.6487921865933277
    18.51092913653384
    13.816375718159307
    14.060555655639856
    6.859627466537994
    6.655034078362458
    14.54179258096996
    4.814435277966124
    27.505309575358368
    13.018320511059999
    5.658222151143703
    2.6828588966537312
    10.597489689784073
    10.513014191977845
    2.7024319105198265
    12.350068172218492
    21.21751363266794
    2.84987639423718
    11.745562681342559
    14.580204669987092
    11.622332124022284
    22.10540101933158
    8.39589866208783
    13.92671910176165
    8.039974422122212
    22.196026588299333
    8.09674320524583
    10.717988768862828
    3.360744751280365
    9.339222414949894
    6.126265419895298
    10.365662525164447
    8.223741333348515
    9.543854562237492
    16.324220394801557
    21.322131182770867
    4.521061006536128
    13.344582283082364
    5.385043014574967
    23.88931982395123
    13.256503290476845
    13.492420365430595
    12.261252556011838
    21.48056695622126
    19.3720050609525
    8.203088487917126
    6.615039138415873
    1.1402164225206024
    30.40758887981124
    18.047405841909644
    1.0813414762292828
    8.907110156047601
    3.5229424783116134
    0.40202377819728524
    17.98892551977829
    9.106162526960892
    11.371358750090229
    24.01420975993067
    5.962863658896632
    11.08253620855922
    15.852611480421917
    20.21082162268852
    13.325803648261134
    12.995137320962348
    17.89349985327621
    16.20224040306095
    23.008215786539736
    5.760222557168395
    2.276433543855352
    9.248263287124095
    1.2024840190680728
    18.390418203387092
    2.1896498674565135
    5.646511249204997
    7.375411376779683
    7.638550752291443
    12.109077941112853
    13.278540859659236
    18.00830311798323
    8.11232845576879
    4.262600074428336
    11.935675024123121
    16.227106670840588
    5.76651139785055
    13.102872323697511
    5.170921065077314
    10.919806057272297
    19.976536871673346
    9.52297674831637
    6.751798762489934
    7.03494041341545
    7.342699909684528
    12.788989713144757
    17.371009776672327
    9.152358505633405
    10.448377104995155
    12.337476705481022
    10.914699509885768
    22.89625325200423
    14.630724260325518
    5.393439538866534
    13.419494893999403
    13.43511454839075
    3.540663134002192
    28.656545313694878
    3.0012612713234077
    19.118349175136395
    10.226612665291947
    9.980415105394634
    8.363397672064755
    3.2601800768931395
    18.09315363235158
    13.400828445043196
    17.87702733347828
    5.15175435449837
    20.376471549500856
    9.692387511024203
    20.90177245426836
    17.871737620877216
    9.63451044547813
    15.275490229064571
    17.039062161973888
    15.374701804628835
    12.009455347693631
    3.6503412727776836
    10.916883871339014
    2.961996534680844
    5.672199171036158
    8.057603780789835
    13.05482142472648
    0.0
    19.28566424241299
    15.930191204498147
    13.527951197171552
    1.8672686483818637
    20.850148891421682
    16.89376045406455
    12.476987847680803
    0.6231592222429155
    5.693219436460045
    29.228426420168063
    12.832167977718946
    3.3287234140870403
    20.100794167667114
    3.2565841226622063
    10.961333403877294
    14.500646992306416
    19.144676171298485
    9.931071290632426
    27.361949682694945
    6.621439623469072
    13.694653724864196
    15.917243309248592
    10.183945205099043
    14.13991687169616
    21.145858579872144
    11.68092455611327
    7.169900702077464
    6.441015990513824
    18.847122799631546
    7.851279893275048
    22.66807160432563
    9.260631441662856
    34.008529748310295
    1.2540030135771747
    15.87478896699689
    11.747785692468845
    12.790704756480025
    11.724748008910744
    14.774897268070385
    8.710757334981135
    4.126814140498344
    4.651427165055889
    6.040066642803747
    10.949551193197102
    9.775718507037917
    5.116451261953794
    15.257272931277596
    19.623677004448403
    9.845401739979817
    3.295519575134386
    11.319158218455662
    5.161026018639056
    13.126214661377519
    15.517515736552289
    18.545605113555773
    16.884965206893263
    0.0
    14.076548725838087
    11.838462698173917
    12.764299705309895
    10.698756141782177
    12.068255367224957
    10.335103147562547
    27.777937949014877
    18.88480399640319
    18.259177852985665
    8.572104332196274
    13.721225622731877
    21.9481113558041
    12.100939260418505
    19.211935696524236
    6.75192045269976
    16.91758292656872
    14.952896427442232
    15.737150732713124
    18.150452213417974
    16.386449563720536
    13.88223845403387
    12.051140936392684
    5.0857574453168155
    8.733721157391553
    10.19759540002689
    10.435833945022495
    13.904046802677563
    15.710061704503726
    6.565522570729413
    22.60244118675947
    7.1678422565629525
    20.43634118312521
    11.081415218300226
    29.510569531260185
    12.243334425312321
    13.255763660723856
    9.510042754622217
    10.534920599855473
    12.254131580381141
    6.964499244430657
    18.023328187832934
    22.799093262040664
    13.003132660360723
    2.074704755021395
    10.560921585086987
    12.469599860707952
    9.89144000238812
    3.7446990290224664
    4.71704191309764
    8.953984092496192
    5.405584023646269
    0.0
    9.06443513953885
    1.9277151875957326
    13.146044618869048
    14.901055576303511
    10.914652516923
    12.90957032145341
    3.204089184915836
    14.205077551650872
    15.150662262995748
    21.97224408483913
    9.632505055448679
    7.019349347330571
    25.24643614544321
    23.958859716252142
    13.042269406211384
    7.8615650884723385
    25.148369846373903
    18.758077640334594
    15.280676051796602
    5.650550645247766
    1.3000547797335795
    8.292110862370762
    25.971478904832647
    9.651784085780852
    20.069848367082727
    17.230223358501817
    5.7491295556343855
    20.691470062579082
    7.6671430166395425
    12.051474880623955
    7.716614898359863
    0.9355109913737315
    16.2048440681703
    6.319442870261531
    2.341050935252672
    5.239340109347243
    8.570665863971966
    7.444852716718085
    0.7325953381131706
    10.098059051341354
    14.504721376082232
    25.62108885734558
    14.966160206643742
    11.14505334410904
    10.622338492383749
    20.94886977614543
    16.044597978000333
    12.54054246328187
    1.0871066493921775
    10.21209663572602
    10.27627022564393
    6.336829829512203
    0.24581024367058052
    10.605370558017547
    10.681951812899396
    14.48530632352399
    15.552963052919171
    5.794054049176556
    13.364191612630716
    16.53573403006816
    6.637106422166751
    16.243546311975344
    4.729340085442521
    11.613399586683453
    4.060549015675617
    8.261008028049575
    2.9545975619790408
    5.304327720992117
    16.47354084034649
    3.133620507085185
    6.883310813944637
    7.216942917040375
    13.457142010459936
    7.8180470637482
    12.275735584735948
    18.101277825409667
    1.3933105821161098
    14.616988024931942
    15.654622953526879
    18.509349210287116
    17.77457830286602
    10.351951699120848
    8.345822883383594
    11.806853425942634
    21.85538231756581
    15.81195353159067
    21.6538181632585
    17.37461587794911
    16.399246760631826
    22.30004196167327
    8.536583708264507
    4.054200719876223
    3.2318936896457044
    3.2176774866160485
    3.380480735734083
    0.7965379144051719
    14.515691624879958
    8.86022744297374
    8.437150935561991
    12.71244334216343
    9.719945086231188
    16.012212861015104
    0.9188651465218421
    15.720564764880548
    3.7548333490137518
    8.35518004790409
    2.7043281393142715
    3.57228885858804
    0.4325900980395108
    27.46586071199502
    8.059680444229821
    8.646508312050281
    19.10260727427491
    27.66135491022328
    11.745069845344124
    0.0
    13.618229116150665
    14.25417898437252
    9.744657413451037
    8.42325044425361
    4.91286475991653
    11.531409497002278
    6.466920709481208
    13.69844302932216
    21.00026330660309
    21.290153542808604
    13.22499662548658
    6.037391003679223
    21.231038862510264
    23.559573505333844
    14.144924432817069
    17.168090039472375
    19.072051472507347
    8.610468750384051
    8.649302430182265
    6.991772791023891
    13.42150539260186
    14.868898184323676
    1.9788521260680296
    14.558183436999453
    19.5716357729613
    10.026451915098724
    15.838598817335393
    15.889266224427685
    3.2184752709949995
    10.702532068732852
    32.0288393209415
    14.067970767707006
    3.5117616793105175
    6.242817996144149
    7.060166973159782
    6.050026038637399
    8.788419605036175
    12.056053593150962
    6.856628584074751
    8.00554932157233
    18.000336383877958
    6.236020437285964
    23.559997915161325
    14.092216319201055
    24.481843612450785
    4.25320257315256
    2.7177124185545054
    21.235393330071425
    13.743015716219157
    9.486545456337883
    11.415002093752495
    8.538072805296004
    4.069551990845858
    18.997380774887976
    9.49154206330764
    14.355208653025292
    4.0534329659684705
    22.351626166651233
    10.120718538651236
    17.640726185813506
    18.43089869023339
    2.443632147647081
    9.705184362656048
    11.591981392188197
    15.112739226487088
    0.2876214134122975
    17.779091049870903
    16.293913384152493
    17.02530864438684
    17.79926853892239
    10.88862069282673
    0.46996371912206036
    14.152132709498144
    33.12401745349646
    14.892438203118035
    16.119724534001314
    7.531698759150835
    11.415256427520324
    6.825966390296672
    18.645096603700555
    23.938349019478387
    4.752878875234602
    15.169929459778976
    16.583391573607685
    7.040805990110589
    15.08965775406894
    15.797124318854417
    7.119721939281451
    12.725458151458016
    21.80938837050169
    11.707605964383966
    27.520201055230107
    5.331823786505354
    23.433712522731515
    26.280382372574437
    3.442076099856592
    10.896049829005946
    7.096679210458589
    5.8304975820159
    11.745722758330173
    15.903110298871272
    4.763568553009343
    7.110672158251952
    17.025623584007242
    9.851506174169588
    10.291952725246434
    15.339754896920049
    5.622787444048124
    11.661086454157365
    4.995552697872139
    13.479692587863099
    12.37183896578998
    18.57953071502825
    9.19852744936439
    2.511524591403443
    12.313471339892816
    13.989749790027478
    4.137750019302792
    5.603512328054127
    12.402996201326612
    20.97338949038214
    17.810629286371377
    11.411585586646606
    2.27667194608871
    16.312120717192585
    18.69942808661866
    14.341496648971937
    8.933444545832582
    8.386337545394714
    11.209565163350833
    5.259230570456538
    5.551598452245431
    15.978545736643769
    11.869700783974064
    24.376920916777017
    5.589522857106852
    8.349191967002682
    20.949815610523558
    17.479575300564022
    8.819092456327066
    17.81051777973727
    7.795326885552336
    0.8975996338401323
    8.56268294743563
    10.212495908200816
    16.070308867584572
    4.982539001167001
    17.72274994157367
    8.762331361010217
    14.900122102585838
    3.6117234744399336
    21.75312905776599
    9.894104064216918
    17.14013319298081
    19.207180621547337
    10.963643909579504
    20.061741348343528
    3.915097574071973
    0.650880633526613
    18.897872270130964
    10.94130090931261
    10.246136162415088
    18.929484525373404
    17.745543635187627
    12.2980532807891
    13.704381248233375
    4.648828846801716
    10.250621560221216
    20.999780871152662
    17.62735298755204
    19.812162637706564
    3.93613202197797
    11.524121914272092
    4.518429536034594
    6.141766443792729
    5.173698330445468
    9.1961248566582
    13.432301590553388
    33.94758796049466
    13.638420347795307
    8.742232688925709
    10.687165537860645
    18.624385799667216
    11.431743878719852
    16.718855378188362
    15.342346625531357
    10.081659215336167
    7.9214435801504575
    14.091137105297785
    8.333971166666112
    9.18869060587195
    6.279571854745353
    8.476918072276238
    19.322010724340075
    10.999901985456338
    26.18159723940584
    10.847133873102196
    6.565483208053762
    19.494523883854146
    21.32982929929477
    11.419294607357903
    20.85155116913986
    6.9043933726824545
    22.281943571295752
    9.804682649261405
    7.443171575760185
    9.00362321982271
    9.240984223296733
    8.944992876278006
    17.89633620589988
    9.306914082458881
    11.061982247877255
    6.5737091478029095
    26.073551187268812
    15.456638626102698
    14.31566490623567
    13.636856099600807
    22.44761375624071
    14.47313266832551
    12.511843109930952
    20.814419602937168
    6.601184900866999
    14.042769004079922
    9.66764408182231
    14.947477620525481
    10.381695486532307
    7.478993905366534
    7.900278174342801
    8.329922303458668
    10.417294415367458
    15.129044327847797
    8.527421694493345
    26.892880621399613
    21.60945268001738
    15.64899464959414
    4.208097076625127
    4.530447304491693
    10.063776048263449
    14.431894085012923
    0.0
    12.292351580453428
    4.922402167101339
    16.835203265099743
    9.596875701160663
    19.200020455037233
    18.333274811097137
    5.737100499901661
    14.610973504274035
    9.397613661360193
    10.461961735279854
    15.444080764668708
    15.673301954152517
    38.10841960599136
    26.010916719721553
    10.027445222305863
    12.03560205103388
    18.117632780153308
    15.94701236951414
    16.43261711526104
    24.74578893452981
    24.012208811650833
    12.11580730678778
    20.927543630051513
    11.056075274881815
    3.925082100116139
    12.253274756204297
    15.212508361971592
    7.2883688684805055
    5.8806888093446315
    0.0
    13.301051489073046
    7.174221738891644
    9.429110802999553
    3.28277544215329
    10.608305090199725
    21.189357861740174
    9.29516130949817
    12.68865045443338
    14.794227922943486
    22.27614006846215
    11.684866399924651
    12.777930428240639
    6.764620988932748
    3.4885093976685777
    4.1163512205680215
    12.804284482348738
    16.360771996427367
    9.630689900464585
    23.849194226552168
    9.446131589515373
    18.773225987406242
    5.511744723213164
    8.801838602371895
    7.643961072349646
    21.796375936611128
    21.09303412006956
    10.99185616211596
    23.92969676648281
    13.746468802839024
    12.790524709214669
    20.552694159095804
    18.75173495548614
    12.64948527168732
    22.760998878134824
    4.774786954980318
    10.403222076583685
    12.141624102790715
    7.4902524829013215
    7.472001499729822
    16.29621812211721
    10.599110731797117
    13.22500164175601
    1.8270163999783051
    19.511129109378587
    16.758292229594947
    3.006726416194414
    5.4574446798114264
    16.801289687164687
    0.0
    3.9969347997239377
    8.911286101113957
    14.14903195110793
    9.7293329793536
    12.352708640043595
    6.073285321495933
    16.762690925081767
    16.523338437021895
    4.35372888111109
    19.81950341977156
    10.345283393739843
    13.655067109744396
    10.229863498604619
    24.38620835326823
    7.7648652349610225
    11.89986781554067
    20.97336771367791
    10.098844920252132
    8.188517033035444
    8.53687277557009
    13.708286601836162
    13.029828778463795
    23.32549722912983
    15.262147090197917
    5.993714734387157
    8.797587721918639
    7.5210688890971324
    19.098435838056353
    18.191444874355998
    8.65425509766411
    22.213564445561435
    15.195375077425963
    15.62161548094338
    3.3196861399817212
    17.560896505669042
    12.94330862014261
    20.411898410361655
    18.976474813945746
    6.5867209508577576
    16.01183672651097
    17.379566317005512
    17.773379115027435
    5.088713969794803
    5.596870781225692
    13.484929930530154
    21.38775550355765
    14.43464704940865
    25.745722909682264
    7.73382864898328
    12.300310168961788
    17.254485716054706
    25.797220573291582
    1.5002681668321478
    18.009496738086593
    8.315429033967634
    21.776386424989287
    12.524948199366372
    1.517833471832442
    13.396698806360261
    9.88128216323689
    14.462741100809561
    13.575582980730685
    21.372011129758725
    14.835620745009633
    7.553266231930206
    5.072943345808092
    7.493677055804428
    4.859115466425229
    17.309237091635755
    14.408458524485452
    11.51564901655172
    4.3655563496701895
    17.060190091970714
    6.392058202337524
    14.165330612928642
    10.594146088696357
    23.120899090701407
    22.67876432386493
    14.82049414575273
    14.317149473036022
    12.797983470090518
    12.433693422693876
    19.860456922104326
    3.7990995000535035
    5.250221489353926
    23.93961320172121
    10.214132859416388
    7.254289208250986
    16.882039126774057
    29.11710566136337
    12.855998736351042
    14.658945528673767
    18.524815240489218
    7.133498575625715
    14.316095339387157
    15.645073014361634
    0.557028390796573
    5.789911692339994
    14.03640591438482
    5.699294948432557
    17.188791227214146
    17.494170370573375
    6.987855337180003
    14.241144632224955
    16.17583254526475
    8.400798819756385
    6.658810270306792
    0.9875772317301865
    19.595129972847314
    20.96656970026424
    5.410444779246601
    10.290496340766207
    7.697152207862751
    11.718779978874196
    6.474834400403439
    9.045418391482333
    4.993288572265922
    7.836318071416099
    13.276413935290892
    18.703782375007798
    1.770582780419524
    21.43777292545531
    11.134097811628552
    2.6928252839745563
    27.288536442405796
    11.633665927014077
    17.924746337705404
    25.916791416047744
    14.789417984796458
    17.3079882616996
    10.837900679893275
    10.779739892106022
    22.50944437642765
    12.48401368606876
    5.8497952874246755
    5.717004711973348
    22.478790535069564
    12.294924589520352
    5.509650874832153
    20.683787395068574
    13.342708623149456
    26.99399622144612
    10.023769281187874
    7.485141294830636
    31.920911360562418
    9.576179591395132
    4.607630202029675
    28.463606485308453
    15.744872653166118
    12.188208974577561
    23.641664714417452
    5.544477526946405
    31.98481401690883
    14.527087996992085
    12.143834257759886
    12.067030109213867
    8.760446250458912
    0.6521452459776289
    3.338263756047298
    28.805796605929643
    3.3476266331928946
    26.905401064552013
    20.86320073969382
    18.91255082825411
    15.188336007740334
    8.505785598600504
    28.336760928895302
    16.365071108166294
    0.0
    9.16966770632615
    4.622789104994408
    15.818061677156853
    13.326109220537512
    15.796988189974563
    1.3518333602596861
    17.21118611249852
    13.844132531539945
    11.03621014063162
    17.907510218401452
    12.615204294443666
    27.804080250903347
    23.035208082817263
    9.320528996612484
    13.827599400769714
    11.797130457756024
    7.6416244723377496
    3.448777368748804
    3.238624631635345
    27.032748456347566
    20.526124992860858
    13.58784130455853
    19.673277563444
    18.64422442699643
    13.662838565285977
    9.639260374977571
    10.321908838462097
    16.02722661990328
    4.543322921266299
    18.149869523445187
    7.154961665205469
    1.4358821326816305
    5.241895805576866
    11.054935212713481
    1.2073167704020338
    9.534862108113643
    11.301000764764723
    13.375045392386383
    8.337030980211932
    6.711364051882083
    12.934691624520564
    4.387518854882158
    18.301445771641053
    15.389318402205229
    10.02163180397728
    16.499542250492503
    0.6788685189145846
    4.386738701168986
    16.15749654707128
    10.425380744931505
    15.841683871250188
    8.646589718650421
    21.82802604549744
    19.27481527187031
    5.518515746458758
    10.801117928198744
    7.623910508474474
    21.809242138970003
    6.14417019633565
    15.837486047688483
    9.693878338285723
    6.783004941976844
    9.756692135983926
    9.897895450717012
    10.496318808533838
    15.994845606255282
    18.794344791599055
    17.138980320723537
    8.672648311197495
    12.375165244436612
    2.9050588546946625
    16.360625017173682
    5.180807319591262
    2.4006767232718462
    0.3904838100034093
    2.1859285785009632
    12.59626480649177
    8.59753873505645
    6.881281099286112
    22.00823470268783
    15.306171200175129
    6.163658815068157
    14.514358932730758
    19.351290785352457
    7.201019091266869
    1.625631586445484
    14.202766795731371
    17.541365817029124
    15.286646826396767
    10.561818229850731
    10.472766695657766
    6.002530686360478
    7.607997312472912
    12.959646937672257
    10.366139313158264
    7.847251606150062
    11.458890184492468
    20.46307317610437
    5.2175412168883195
    12.341180245182791
    11.795094364357718
    26.28301384529713
    17.409185875959448
    7.740486540414736
    9.17806876793004
    16.652041266252965
    23.286919198236966
    23.2729251564494
    11.154623747455764
    8.001776727652663
    13.525760685441528
    22.985219771291202
    13.92782022542795
    3.4760855105018984
    7.381610012424832
    12.429098088324778
    9.660191603586215
    7.372307424598177
    5.400054164644736
    22.350893940936192
    9.703743800775836
    18.57909307844304
    24.073932825385434
    21.443451007960068
    36.7659019348791
    5.034183716234488
    11.747442082327051
    5.142142536412858
    1.2070483083734556
    21.37405662921147
    20.39276539176615
    10.240870810059391
    6.528000292504649
    16.820959101939067
    5.720150036793559
    25.426027182667045
    3.2911488417074017
    6.701082217878
    12.460569807818729
    11.411608682024234
    11.834915918630424
    26.861059123225846
    16.26725308011497
    5.9366148512195585
    14.201345725739719
    16.735257778940696
    15.94609989200321
    8.894178169441007
    20.995802206581768
    20.644723992909285
    14.91300883396169
    16.841484516474907
    18.570403735260747
    21.6496635406996
    5.619402808552219
    23.959368052674805
    15.237270934922224
    5.619145016228052
    13.5782988548855
    11.80523445808404
    2.1951248073612337
    20.472141074228308
    10.120189953800343
    8.579110859304132
    6.840402759727581
    8.27584408068463
    14.458216024909364
    13.299206109227004
    23.16340618100155
    14.248130670485551
    20.73677287747294
    7.575732580030509
    17.002543543873234
    3.570493292350301
    14.051685787165985
    8.912516708909289
    9.198775808050584
    16.42261983137536
    12.198727352215979
    12.269229980913009
    10.567512074940769
    13.345891555573969
    11.377000760807734
    17.037888561791114
    8.962915458238484
    11.614805906391307
    11.101072044227625
    17.815433115386924
    10.340804027352991
    1.8773831698568069
    8.890508578077023
    14.339489620534117
    30.140542307413316
    24.082142768586717
    25.160002309263046
    21.28718657332033
    6.007879843420214
    18.454468307419162
    4.008912852444693
    16.798788188189032
    13.251196096854626
    22.870182440921646
    6.424259002850456
    6.527587981549895
    16.331724598727394
    12.35661288141123
    18.54886112553179
    9.756240811987341
    20.65190940117194
    17.14974336135977
    24.164572676829852
    27.22167329208684
    3.74406470997135
    6.835468572503007
    0.0
    22.00605955797479
    18.20932227552315
    22.43537527113161
    18.169188909823653
    10.941319923187947
    9.623026832469822
    4.559050645876731
    10.43982199224562
    3.4244034253599094
    2.724812027145221
    30.721272259096278
    15.927348402030272
    11.219048971465575
    8.256065154063686
    15.536288452667522
    28.373314083209248
    7.766904281065216
    18.304988621177504
    11.28545048003923
    17.047243048397362
    6.983291452639898
    7.983270570186195
    16.99376682782017
    9.15733852419484
    35.437264802850116
    9.424878264399391
    4.849027693678358
    6.747268543922079
    16.988651044413313
    15.4705145440469
    9.680227619797241
    11.279273972146267
    15.106934241993985
    12.627559255403762
    12.756744239104629
    3.2804258272314253
    24.238545717432544
    16.956267147933517
    15.752568829920255
    8.56424789504378
    16.686677863873246
    20.883181367944772
    7.60642293410981
    12.590175351370892
    15.096440196429715
    12.460379898461465
    1.7539671172592015
    26.16993329250019
    10.486333944282505
    9.854208163304419
    9.196421042967398
    17.277881503554738
    13.716587110769632
    8.614672338035954
    5.757118271311751
    5.097776175147563
    6.19503733123079
    7.144425854527316
    3.22677413422326
    4.345907050309621
    14.45026759330499
    14.786762230506785
    1.376297007553357
    24.540514571502015
    21.880872209067
    20.670194076252677
    17.241182906871344
    29.395309828313575
    16.846382235280043
    17.72851925785589
    22.54488055473208
    9.59313836076718
    11.264725523556077
    13.46692249729828
    11.222810100758554
    13.983877177703103
    25.78190759228077
    20.00773728055501
    8.416671678940311
    14.664842403897849
    20.550657453978992
    15.450812017550069
    8.955274692303497
    11.390759961665665
    17.242426028837404
    28.9028164336703
    2.7365286234327493
    14.27613294661621
    13.33417008964669
    10.757983511862989
    17.440364004009645
    8.850326135725377
    5.747771085560297
    13.747782237464168
    2.1467331209275353
    14.565821408423226
    12.137606224240017
    8.191205191318403
    7.96309626462795
    11.689839767959308
    14.618153483633082
    18.141811183506853
    12.932805621551754
    4.256475239307374
    22.17721149865871
    12.335020903983125
    6.047257497000544
    11.265743990501475
    3.710075601712579
    16.07497579065073
    8.600853660132039
    13.04425484552283
    9.941732565494755
    20.959477203632765
    0.7806305127652464
    4.365873599904822
    3.6493262865637446
    27.51665422811803
    19.21566454848003
    14.289519968811991
    3.1684174854298917
    15.326405647999296
    15.080027801609301
    10.308652387799624
    19.723524438786445
    13.729077395345591
    26.536937780388932
    19.717187440922803
    4.928042098236221
    8.345603341343669
    7.79164387032737
    7.398426757433689
    13.268800475919225
    15.85328772721795
    10.308585621059784
    11.757287736128445
    2.6250289410895338
    21.92285207628229
    7.3404222796671945
    7.381819205975782
    10.299069219533505
    12.931020073420168
    4.2972493727815255
    11.947114160383409
    12.17759206650624
    11.970662497609565
    3.890488562128479
    11.984922964970988
    12.975115407378498
    6.372187479339273
    5.66349059026527
    20.76611432003385
    14.452288689321088
    14.076337914162275
    11.550659693975497
    13.483152665598366
    21.11542434909605
    16.508052393762682
    19.254069665641143
    10.095980758874523
    22.332557386687817
    18.970104315770083
    14.18311300113949
    7.322205257527558
    11.255831064738048
    31.104206519320552
    7.318713965431905
    20.594530005968302
    18.571411142527005
    6.290373907497799
    12.079081731870472
    12.936919982267632
    5.439886564924409
    15.427190028885512
    11.967196804355277
    10.242135198807151
    0.4781039482061709
    9.180948977290218
    8.960729970573038
    4.916586924534137
    20.356786120044106
    17.94458406434809
    19.033927320451262
    9.459906841054043
    22.34781957365207
    6.745619402249768
    15.342240603181176
    14.963707293679143
    15.215227939927283
    6.590900595031703
    21.819436321134017
    17.66013783320784
    13.126703316755306
    21.937692206456894
    10.912029496347909
    12.618969380233018
    7.314730989755008
    23.570103495524236
    20.329831130925523
    12.479729579682509
    14.464286230121889
    18.810057100624004
    17.046187920204172
    14.387255874480399
    14.02890911489583
    12.843914059469139
    1.3034080758629136
    9.857604927521537
    12.499673660000092
    1.6051370413213364
    12.651002322732845
    18.28967636003141
    17.435308960438306
    21.0899771667756
    4.889363642268198
    20.84370155448419
    11.68554523846003
    2.93435606188121
    4.466195242967747
    17.363611391266375
    8.415826215863728
    14.741067038622292
    5.891515632440585
    20.22893835501776
    5.079921205312438
    21.0976736064039
    16.11154266560891
    2.561359417702398
    22.39445044062314
    17.28885428272267
    6.0206095044861545
    20.22255452090469
    3.3824163613914746
    5.209598840913669
    23.552659608097784
    17.749782235783286
    19.385602929902234
    16.63271642395618
    14.381057811453733
    11.87555254566543
    6.3304058824656195
    19.530979744788365
    7.663215085837874
    2.8802561917495426
    4.8551763536771215
    18.975909237250097
    11.90822480859436
    21.99318805709777
    13.176665330706587
    12.66134511881412
    7.878120039374673
    13.030019216150986
    16.181530955192514
    14.31057606040575
    22.17858014555829
    15.787144148151482
    12.987560754831032
    12.351254787350667
    9.480062722545162
    9.294377593712237
    11.105032265485265
    14.290137550915874
    11.739903605213161
    8.0589613234485
    11.154405827682927
    19.94659269972792
    12.029066057601023
    5.430978608616086
    9.848655067063797
    23.54072416085227
    18.806952351979053
    7.922168640774138
    24.602985032024044
    19.885305301156173
    9.770020374695068
    6.355616648467174
    8.137169413728538
    11.41325093875752
    19.547572583648922
    1.8069798090271258
    1.437987975298863
    8.407654000347735
    11.781177544628665
    24.48782670884352
    16.93522522246411
    11.424295157435107
    20.85280635950573
    22.08444957399552
    11.309038160104356
    4.418235311998813
    6.8708077682340205
    12.673263427146747
    1.176124359765101
    15.201871900824056
    19.682521804773835
    14.610682793820668
    20.989110046834973
    4.743824758305929
    8.963348811430622
    15.044206690428084
    9.204940460605314
    19.216109847777112
    21.55160168312793
    1.7885009254918933
    22.47544379274971
    9.82756215623174
    12.455388388723609
    23.873989625472
    19.893644078754754
    15.873004897076884
    5.309164178035369
    12.534315522392612
    15.5891739771617
    19.862073378605512
    14.417409462124837
    13.63075018719551
    5.454428975695143
    10.06547452441186
    20.93394519152958
    19.97408267899189
    28.842663181978196
    8.960742277206409
    26.972538653259377
    10.589431060045756
    9.048697443354753
    39.444128148243564
    19.52087382492383
    8.17243431803318
    37.77194646016574
    15.088375106494937
    9.8825898282435
    18.374214172629735
    6.603160903603294
    10.594145634357929
    15.998470511544639
    7.769476626177487
    8.398457044125191
    18.349058516077708
    12.781165020549754
    17.189255751374017
    21.115431047596527
    12.060296541565144
    15.708721637249516
    20.51016719583331
    13.363432087681698
    4.249790149244456
    16.434660215585
    20.457641106321887
    4.178564459699304
    10.838828555622541
    10.179369759294449
    8.404763051054973
    5.897974630633972
    12.253250780586036
    12.925042611988887
    15.705845532874518
    8.087254126605758
    26.573431526193918
    17.90831686448189
    7.782175754943954
    12.642656394064232
    27.126456241278756
    12.329409383817929
    18.856125664782187
    5.427965848088036
    11.849418436482503
    8.569090381044202
    17.981201332830747
    17.346181122416482
    18.280043051359407
    29.804055918542804
    7.919010190441546
    13.729486323048778
    10.08111037337402
    10.060130569084867
    11.68036540695899
    14.127736085639894
    10.822343183844396
    2.5250267048288326
    7.763701103863251
    0.18428095038587805
    21.307021078427375
    14.259686793130866
    2.699916611400522
    15.764053963946457
    12.199579866089048
    9.935744132035875
    12.497705465933137
    7.790496946232927
    10.811095048771053
    18.905810155830938
    8.836859591071052
    36.95243120506307
    22.92409157287888
    18.03666773643923
    21.62390367406514
    8.223055192447617
    11.533136424798151
    27.500275805333676
    9.995497013503224
    13.77050196522696
    7.804662912581241
    9.258621401132006
    26.68358534308842
    15.957804376242454
    12.162640422117276
    21.98889576123712
    11.841693832078999
    10.16288362086813
    14.00693175845037
    12.150695755466202
    14.941801992322349
    19.552640653899886
    9.005753529677257
    10.48807586333913
    9.66133493379984
    12.002204379138288
    11.672605387138098
    7.479845505681993
    5.899790425941037
    15.276748267378238
    4.207272125370514
    12.770832752617833
    13.52207583314859
    12.60412077966295
    5.418957455019286
    12.350528067602927
    22.375675051973023
    19.142110001447584
    4.775179080991032
    9.016948116946669
    29.033410847337294
    14.903873935483798
    22.684118624969322
    20.495559182519212
    10.483024929397377
    23.58961167174066
    2.9857241223046573
    22.637816464742013
    10.924202181932108
    6.876176099747589
    7.475158125961387
    14.903420012307949
    9.893442744282842
    23.322811481637842
    17.22481885477127
    13.783065392554516
    4.41965010489787
    12.178779716931428
    17.775678333757103
    17.37324769501566
    8.125915973784286
    21.506316292815516
    22.979004093593748
    8.63569292996103
    24.260494881291034
    24.46612387993393
    13.128989962982864
    10.547865768782025
    17.087681874537648
    3.4554382908979258
    15.026337491069084
    17.719527491861676
    12.920761544988236
    9.507670341757326
    13.830302728819726
    10.818503010648861
    14.116209248405013
    9.257633558585495
    29.10865367103032
    17.21560906473562
    8.704176732559471
    21.093785524214432
    1.9649535882721063
    31.93686795032182
    12.72082322860303
    6.643658792658149
    10.058337455529674
    8.273547911541376
    24.62779538091331
    15.308350575823537
    6.748418878748763
    19.66109711675051
    14.267651841145428
    4.465693312462117
    27.998641915420528
    10.056682602452343
    15.893937707870796
    11.008309462862831
    7.799039325661092
    6.8133536755581465
    6.200988543261795
    4.170018128068987
    21.38938351183125
    16.770298554262304
    20.623373264116758
    1.560429386607132
    6.283350526971327
    8.333315903339438
    14.483130654153214
    15.340275292160662
    12.364629720910456
    13.018003994053222
    12.281212788401739
    4.791707697284077
    19.795584094208735
    26.956304216920604
    23.773112720965262
    13.992957662927182
    2.0553590457451554
    10.761458990154185
    18.247796948490784
    10.389158133697523
    16.757496285841096
    17.2763041972193
    13.793681434749852
    16.526662358110094
    6.540556460822364
    17.75862183901125
    10.356797645692781
    6.599613725822469
    0.6465497429448391
    16.28140329140048
    5.66657587479555
    19.692117174321545
    14.492526536638906
    13.467072898925329
    6.4432882289429845
    14.474106931242016
    6.738600125378142
    7.950064613472169
    16.53404056004347
    9.568216641009757
    4.216929530336962
    13.614175685431297
    14.242680381351407
    18.031209745668836
    10.19932452159513
    10.59270848921946
    9.49527268301099
    11.473748369446653
    15.599093986902894
    22.014432871275595
    20.614665498790608
    18.752959108000805
    14.089617594176667
    10.745512171051072
    6.164879661578712
    8.349574721305311
    16.680129471018034
    9.938159776695798
    22.893395159089145
    15.179082193546192
    5.90119367829993
    12.706838043039317
    16.498498895860685
    7.831995020655378
    11.644865620025055
    11.443430175470906
    18.732563343424847
    9.746974218216517
    1.5311987786859003
    3.8851917672072798
    17.176789429898655
    9.568406914416137
    17.73103832768875
    14.022410127173384
    19.768711240088717
    2.0959109264653337
    5.710683627142924
    6.963138188607025
    13.351250639859714
    0.6158133907762764
    12.829729294619154
    13.04549422284961
    19.2353735902758
    9.651676332862603
    9.720208886072372
    9.849832503791887
    22.01352793721707
    18.07147436352845
    8.841524129484775
    21.859885776806234
    14.412591999435044
    7.076786627737297
    17.283406398252882
    18.511878203484777
    11.855393583975014
    14.582914647059518
    17.502568557706606
    7.055015235589311
    30.609360652444632
    4.2104696090228195
    13.023994397734171
    22.213685578567382
    14.382513632958593
    4.9729370802778154
    9.582244065092222
    2.4146444372857427
    8.711010591478226
    7.596051836953055
    18.89484488169699
    23.5727159647626
    19.349250245377128
    9.437388204497344
    23.434611079370956
    16.067253631253845
    12.57405894267296
    17.597231659273817
    20.550230440252506
    11.05429290254249
    18.46173709583937
    19.80264690441045
    8.499204530798256
    16.829302118402303
    7.063391801645376
    10.97206123936647
    28.35453028208411
    7.509334871808893
    18.61860426412566
    20.461272736983815
    13.505412300855467
    4.3106135676778194
    10.099994727205246
    10.842869749892962
    18.611849561200813
    10.351864451692595
    14.534419056477008
    20.039184386311142
    12.498379903485814
    6.039994764764714
    18.978650877411017
    8.156940574871149
    14.235336466166295
    23.09407403788163
    14.566664860934852
    20.828149359052183
    0.8721385277677829
    3.9084153652745446
    6.361754352076392
    24.567666890082222
    25.248731122881505
    2.7654221205967677
    11.296959301741735
    3.649176201415889
    25.738352473499305
    12.854560469553801
    16.289706212358205
    13.565243349194345
    7.785213284003525
    16.80776343306071
    26.761240189186314
    1.203911839067353
    5.966348192832004
    3.235782472511817
    3.1624287717276514
    17.152066110612992
    12.746966892765682
    8.159124583416117
    15.21785377696093
    19.075139359512495
    19.220292660604176
    5.429804667687639
    15.541657200455383
    5.982304512976844
    8.040837736929099
    8.414530769991933
    21.699213404848734
    25.745216014280267
    4.237027852701149
    9.70290624175405
    16.682217888148106
    7.755281388456917
    15.42995630768975
    20.619599788209115
    9.353283145164749
    21.589254292800344
    15.229622883053656
    29.248716239453287
    12.680952360437438
    19.92965087418337
    19.736106908894293
    9.29278018524717
    8.193749849276939
    10.59382572874805
    4.679922125338515
    18.209995639659073
    17.38266974026271
    9.422448229164514
    15.77651162538832
    13.139746153450993
    16.181719404565758
    13.582054798205284
    8.89033925364732
    18.15107568507734
    22.55520856174862
    20.0262460314125
    4.959621645983182
    22.132802658395455
    8.817233255597227
    15.616151145765485
    9.103072374695811
    12.386722127604376
    23.846611113496056
    2.3605612524036883
    6.325775386556722
    24.959949707802764
    13.477026333283417
    24.436379459687334
    7.693268951097755
    10.375810749231684
    5.513320936361748
    27.290469729701794
    4.278203976192573
    8.175841319974783
    3.3293666620873865
    20.372175911187046
    3.811851713546053
    15.443289943830637
    15.221613396257558
    25.521245666548843
    13.781024371099198
    12.90424909008518
    10.649018796188066
    13.835198250685032
    26.910517234128683
    16.620381027810716
    14.070134934083919
    9.112009990730938
    1.6340714143447939
    9.430142629411836
    9.219189658419763
    15.45614736587216
    8.629931442562839
    15.611983114487154
    4.551128534147715
    2.6697305926884556
    10.713277857718488
    9.910866598757172
    8.36254479005609
    14.715646073251918
    28.027444494856237
    18.161782422052497
    0.007459932081589638
    24.7942995267055
    13.15399001441441
    5.370403075869613
    18.833467751074704
    9.067657121970976
    3.2417106188185985
    5.717733442515154
    7.308447501036673
    19.82899283647845
    6.808137343242843
    16.34296735026856
    3.1552620166284995
    20.88647359214249
    9.59047840839711
    13.291422120196593
    10.213051035673821
    17.2429500268661
    19.0994154983902
    7.2846626730235045
    20.659112695586003
    1.2300466057100223
    2.8650611566229243
    11.624147148575975
    4.111678890653938
    19.008151699741216
    17.472481184593516
    6.071960198718083
    6.201804008217144
    16.15760441817495
    13.383794902761592
    8.399536513033635
    17.148972140298092
    30.485896306061747
    1.712521063140422
    11.522429219004126
    12.209815982767154
    12.560527586672062
    8.431032386918037
    22.092924263146298
    17.54575522578497
    7.760727317894328
    5.851168212044544
    15.258807462062096
    6.60630760736143
    10.964696285023802
    12.282639833729007
    15.303499478993588
    18.382878264588495
    14.21397058295336
    17.566450326988196
    16.341792370520494
    17.74418723388114
    14.809221222074628
    9.073353994152063
    14.372980482165053
    12.302523542543803
    20.64345904241576
    13.269237699634795
    30.395147016924557
    1.0372922945688514
    8.157859994194613
    8.57841561629685
    14.818939442773122
    13.183824095587882
    18.007034593659665
    5.182339964646324
    8.45985449074931
    4.771089233322609
    6.200323376524505
    7.910578539480228
    11.112711718892859
    23.108824666912845
    7.088430962717893
    11.952873476556942
    10.452725176178866
    14.523303529727409
    3.3730642786045277
    16.256318466524785
    20.838649885209332
    6.871330016366775
    10.511466729978812
    17.98417978674939
    12.501503081537818
    19.460078131335464
    13.742795129592121
    17.062779000518052
    24.971883688875934
    13.78436361125266
    0.20562769849573864
    10.448290680146167
    17.623318545814676
    12.294128545439124
    11.846747465897305
    7.776608092527395
    21.01152277239918
    7.835820306321253
    8.452858786973364
    11.301449782139505
    11.060853663827572
    11.231403488882698
    8.963025156936483
    38.74367080758905
    14.431545070348944
    15.766166811736884
    5.185663176607133
    6.914072948725875
    13.01788012087506
    14.954190953091059
    11.18390695221942
    25.87343658502673
    13.311590371384952
    8.204812805427421
    11.64743087111254
    10.592397632103834
    10.550691911111665
    12.454297507529095
    25.56611382980595
    28.40394912822202
    2.701531189917015
    6.3842771252372295
    2.734077704064115
    4.5362675167565065
    20.952352916564397
    11.354121985959493
    13.786901931666238
    13.506966802141532
    10.766158355516744
    23.51544433951882
    8.741613909275237
    14.383569191096772
    17.03839095841211
    9.460253417277572
    21.33974487714018
    11.875948674259087
    11.678353089437602
    15.074903858528334
    6.6686636881920816
    16.587711368391684
    5.623287003304179
    5.496031049521397
    3.5829329521063134
    15.485090142336247
    10.563857833396767
    24.386902361155958
    2.315920853275506
    14.815663341486188
    9.112086920725003
    5.624020735422512
    17.423691836091205
    12.483053610767428
    10.700065730402711
    6.075739966496268
    12.807399998449783
    8.348137479673012
    14.639042837503412
    7.339933336086571
    18.494473983094448
    17.21145769218896
    8.062243716412961
    17.101449629600626
    22.93074862105996
    14.311995373907582
    7.57190266871847
    2.546438050817804
    23.997392148552276
    10.495138839897267
    12.091178135986823
    8.745945588581623
    17.741692015283807
    14.414019342131327
    11.17024494330291
    6.187284382465066
    18.31282132101909
    11.729089792081966
    4.991406707743773
    11.709851360277575
    12.39861329211381
    15.76366627396915
    16.266785237034764
    5.026313675530086
    7.344153058334753
    3.5700067505594997
    12.241818188624011
    23.14117911905668
    5.732982456271103
    3.135056303206691
    8.543897198453774
    7.931298867399876
    9.852719992511522
    7.155685699447169
    8.699406419571664
    20.060333920660835
    14.77531711863557
    19.81306160489963
    15.81523740062748
    8.905004570323197
    2.017234134205672
    21.999908028572577
    13.446550992382189
    20.183797472870857
    6.657588067736419
    9.62421401859605
    10.28928381378864
    8.551872132341579
    19.72030752374068
    16.03755983033767
    20.03820929967694
    22.35075268034648
    20.16973236969537
    17.561316364743234
    11.938727625914453
    10.726248158758597
    9.740550470923479
    8.725003660049046
    18.685151313241434
    9.195976654686536
    15.406924235942222
    19.390897939215847
    19.45038503611131
    19.015820245726573
    2.3491717376570507
    12.349422569646068
    12.143895938385178
    9.716199937451124
    10.480278517608031
    25.456272558443
    6.569309088532746
    4.029757773452093
    22.47853244447303
    13.669108701999605
    6.671968361260671
    6.411695225263327
    14.275216637837314
    16.406083447687156
    12.977408753528008
    31.917919815596573
    13.987523322931862
    3.7216546696108543
    7.760775953771241
    14.18020442943361
    17.18711989398641
    13.923923166573923
    18.026175650341045
    13.240187596620434
    11.431273937164272
    9.927593117394142
    10.206956369170111
    4.076671197301988
    8.8670685452242
    5.837606969935874
    15.378708545527605
    18.02283257257002
    13.710930102906541
    16.2896736077266
    4.988901096767124
    13.097593518403738
    9.611069129849646
    15.171817686047438
    14.415286839584049
    23.094094475011307
    30.333346604164618
    5.847133121086497
    26.37882946381172
    7.388118072304146
    8.16025276209802
    23.090739416809505
    11.4262849204164
    15.349383774587054
    14.32020422496428
    14.3407326974125
    19.340834498218555
    15.434650459756813
    0.05221925506807999
    12.000539522428896
    15.068176608677803
    9.814125593678806
    19.147352048691285
    18.52491428111615
    9.049146768963508
    16.572422603694136
    11.010061159837347
    3.387495340096666
    11.778318233345212
    21.670135321396153
    8.15354517724252
    4.8711567585317175
    18.549176805173204
    12.793546260189498
    24.52103677257238
    20.709871276789677
    12.793016733029587
    27.786795868798606
    6.175076788763357
    6.083158109238102
    8.879357120794308
    5.559563440353208
    18.984832766505747
    19.247494245568475
    14.309116602687514
    16.017553295054924
    14.471619024322205
    8.585370107169371
    15.089901579229974
    20.45134873385321
    10.206834384064699
    19.438607487153917
    5.643308711125562
    7.057392119501805
    14.679838176002365
    17.593564874252117
    12.131652413281603
    0.39692846501283974
    13.29890960563344
    20.092315726782438
    11.655520202098723
    8.466937456115602
    9.663282062383923
    3.4290069043282605
    6.138413072471399
    15.291229640026542
    21.192213275272668
    15.077040686033437
    5.017695482742346
    4.752239465201753
    8.287392444006795
    25.21604122671578
    15.682619831374947
    6.538786207222466
    24.034405409394154
    18.431173076830717
    13.305458366049484
    6.4489444581403275
    17.8306488021569
    9.280216631188013
    12.941031100702551
    28.51440992572032
    31.28526082314966
    13.667913914300351
    17.73100119068909
    6.389293200094652
    29.26366499583534
    15.798210399684223
    8.700168648195227
    25.992735050617558
    13.458400640319509
    10.842807792117188
    16.82580932928454
    16.298110669616833
    15.568327204953544
    29.716372097982315
    17.67333942001412
    13.169908189493723
    17.48683925667557
    6.807706618606003
    10.08939110946275
    8.974253980649127
    21.338228935569706
    12.098846705388576
    11.863054754111817
    22.275368994443276
    16.405220791203476
    3.205643760111041
    8.870607945368183
    16.474970258516038
    17.882207585668493
    17.738832812809132
    11.916892367512482
    11.687306052891772
    20.747344231559513
    11.215397794660207
    16.92641057049008
    3.5970993304429624
    4.900164597974001
    14.300070365549058
    18.99592359416487
    10.409702456363323
    25.60345844227577
    3.3471582852859387
    10.295269099415455
    8.395679968460142
    15.95759617675141
    16.77034067109396
    12.657596737933408
    9.352397326508841
    5.5074519074358665
    18.161090257314854
    8.61104652519406
    6.326661903859947
    1.3648992894469332
    21.823227175981273
    13.009614837893269
    5.956139894582827
    12.76256256640153
    19.621075738962638
    18.365550767842574
    12.459508510274222
    8.602301624678152
    6.289895381623711
    10.232129306427462
    10.230022761908996
    11.808190638660689
    9.997062566314296
    15.684370535302277
    8.008847710372622
    6.521615005870757
    15.755908670560341
    21.61029155496048
    12.393536302170272
    20.15939682415812
    13.125471908163956
    17.694239584515813
    14.128385661774391
    4.553401611070622
    13.146243836772923
    2.5731282552604493
    1.096760162849545
    4.904235936372819
    7.492286511100793
    19.092543915394213
    14.897551466666886
    0.0
    12.142731189263142
    9.469362867231146
    3.9282613348514204
    12.084643585017536
    11.686576508721467
    6.034476921833793
    14.88423146657012
    13.691740563116632
    15.364635206931242
    6.459688112306813
    9.716556631881598
    4.327296286520763
    15.422630621803279
    25.04259746229269
    8.301812933145026
    8.055910232302582
    21.205612361182315
    14.814605618296293
    20.550111730924893
    0.0
    11.847780748675104
    12.742455896688867
    14.377850735241456
    9.641563963141168
    18.12315760231375
    17.40474247042393
    27.344574528751206
    6.283606275527339
    8.100565315194475
    17.544949908807112
    19.252180766280993
    20.991883122513837
    11.084614338790484
    15.239056004686326
    22.36737295800997
    13.691594496920395
    11.445415687400896
    12.71963620867857
    22.15452089959124
    7.511690971856551
    14.38856170607116
    5.441460791271624
    19.727320549672463
    14.021446418813621
    18.159554672661763
    11.897439369729447
    7.958104350542964
    19.210944108322163
    7.471975850588008
    7.362184967278984
    17.574731780880253
    10.220858931283429
    7.706042919352657
    6.714970778697998
    24.151346660572603
    16.97371482451858
    11.974845287379763
    9.63392339873789
    6.191404724801121
    10.899009947656452
    14.693679440918768
    11.868924983060833
    5.961747760299097
    3.1223075016683577
    16.456139211163222
    28.009757342970055
    16.182000739174065
    9.443003592933895
    8.634202045047317
    2.565209442684471
    9.375516925363168
    5.816911298790151
    5.9272176629924465
    13.087163536186743
    2.088440043228455
    18.332160350488248
    26.103886323897207
    12.63571653463137
    11.395904262327115
    3.0608775592422606
    7.759660812820233
    8.916290745701096
    19.434222987861947
    12.662614516221424
    18.46368063898054
    8.895763771737851
    10.317942750485633
    10.206332917063063
    16.49140886528222
    12.148548488357289
    5.6374756360750515
    11.971402260827976
    17.722859332168493
    15.141432724524375
    16.844573049433563
    11.709352183730033
    11.775186287900505
    8.194265406991237
    5.398780817298779
    13.877117073395901
    30.00655744777338
    25.658105483231836
    9.080757496655878
    23.33164390543339
    10.313249041635043
    6.3305469911339705
    22.562903626466145
    14.848786785404952
    14.213550765584843
    13.645862019156182
    9.133808110282887
    10.873048116391498
    19.04182980384656
    17.16944461303164
    31.85884676769744
    12.079911019367763
    14.0021361890504
    11.578016273968927
    14.82487301993518
    12.264335361988678
    5.270188683867075
    8.437841144444517
    9.963259480694315
    9.247312414404167
    10.362032473508265
    2.4605900735346884
    16.036486564228305
    11.3163544455916
    4.710007628398198
    22.680874532717173
    29.50682135591363
    4.984787878867156
    13.529031742168861
    25.92354364555826
    0.0
    14.35432475283465
    10.067687843674326
    19.48139911626312
    10.076209796278269
    8.442711726452961
    16.8667186158721
    12.050864188624587
    7.979081504985639
    23.389278394454752
    5.367199894649265
    25.19747158108573
    3.9729577088453665
    1.4665736742017987
    5.885308330242269
    6.1926707355040955
    15.10036985416765
    16.18644322241624
    13.398472818263674
    25.00986837117718
    19.925009948881307
    15.333495897366442
    20.861079907021498
    3.807371344290305
    10.812045636514712
    10.203653993356022
    11.162015805425748
    8.396491992057411
    2.4359991397755634
    8.281012056871273
    17.84855423784713
    14.850166795656703
    10.060052434436402
    6.614945831543792
    9.827073252695339
    22.40785601970082
    7.532883285827646
    4.223167301496712
    24.286952163058967
    12.351232439037961
    21.981147240516638
    8.619287633436272
    10.841636042929295
    2.4663920482589425
    9.009075632457781
    13.148319526830862
    7.488594445137752
    17.511564723401968
    14.434508330663952
    15.595700028152416
    20.886231596209583
    4.222257460564938
    5.451467073516293
    22.833745347476835
    19.408015840938116
    14.069873729308283
    12.75151457163793
    6.383396594926795
    14.380226466594756
    20.943341118888153
    13.14351085977107
    18.19654413604921
    9.270287170155017
    17.96090299976008
    11.65741996779361
    25.457767039600018
    6.18690085632485
    3.4869574200664784
    17.492943648015718
    4.4504489791657775
    8.275203356676748
    4.1586312109779175
    21.76810076619801
    4.647159313373053
    16.99727992039083
    10.8464591786111
    17.223959867622476
    19.924426930011204
    2.887296392045795
    14.086320303785428
    17.334291682482824
    18.358117521197066
    13.75636396767027
    14.246276238133111
    8.907933115974537
    7.501525396843874
    7.850267186080598
    9.9922111891636
    8.812990409905705
    9.457073318628252
    17.135366837421838
    1.2679378696671744
    11.090161928179006
    17.400200829873587
    8.162824403345128
    21.85077253247386
    5.251247040749163
    4.818269159390563
    13.362798181077636
    13.551232655356321
    2.0113413640926834
    16.797899133171214
    5.09867544041377
    18.969650634723152
    12.005167416763056
    8.724511872748694
    5.52232333065273
    6.887493670792668
    17.019687207937192
    5.109233082891673
    6.145570406131509
    12.342429628554061
    8.026732145444866
    5.789015208767577
    9.612905614887111
    8.969697090828948
    9.333483382860923
    7.350506005167542
    6.173009418274144
    10.073387195603402
    7.689606511938545
    15.93425849267799
    10.15180671529154
    10.773711678215092
    18.168345765080005
    12.197127656698463
    11.130408763615366
    accumulated_time=0.6848676204681396






|

.. code-block:: default

    print(__doc__)
    import time
    import numpy as np
    import matplotlib.pyplot as plt
    import pytransform3d.plot_utils as ppu
    from distance3d import random, plotting, gjk


    random_state = np.random.RandomState(0)
    vertices, faces = random.randn_convex(random_state, center_scale=0.0)


    ax = ppu.make_3d_axis(ax_s=12)

    accumulated_time = 0.0
    for i in range(4000):
        vertices2, faces2 = random.randn_convex(random_state, center_scale=10.0)
        start = time.time()
        dist, p1, p2 = gjk.gjk(vertices, vertices2)
        end = time.time()
        accumulated_time += end - start
        print(dist)
        if i > 20:
            continue
        plotting.plot_segment(ax, p1, p2, c="k", lw=1)
        plotting.plot_convex(ax, vertices2, faces2)
    print(f"{accumulated_time=}")

    plotting.plot_convex(ax, vertices, faces)
    plt.show()


.. rst-class:: sphx-glr-timing

   **Total running time of the script:** ( 0 minutes  1.762 seconds)


.. _sphx_glr_download__auto_examples_gjk_plot_convex_mesh.py:


.. only :: html

 .. container:: sphx-glr-footer
    :class: sphx-glr-footer-example



  .. container:: sphx-glr-download sphx-glr-download-python

     :download:`Download Python source code: plot_convex_mesh.py <plot_convex_mesh.py>`



  .. container:: sphx-glr-download sphx-glr-download-jupyter

     :download:`Download Jupyter notebook: plot_convex_mesh.ipynb <plot_convex_mesh.ipynb>`


.. only:: html

 .. rst-class:: sphx-glr-signature

    `Gallery generated by Sphinx-Gallery <https://sphinx-gallery.github.io>`_
